# r   Lambda(r)
0.000000000000000000e+00 9.441122202259848439e-01
1.251564455569461887e-01 1.178469887424335116e+00
2.503128911138923773e-01 1.336455647400427660e+00
3.754693366708385938e-01 1.437115229369915648e+00
5.006257822277847547e-01 1.489393420651632827e+00
6.257822277847309156e-01 1.503004185497674561e+00
7.509386733416771875e-01 1.493557749373830346e+00
8.760951188986233484e-01 1.456500009066255874e+00
1.001251564455569509e+00 1.405288615824966447e+00
1.126408010012515781e+00 1.322545543012332736e+00
1.251564455569461831e+00 1.255358214920468951e+00
1.376720901126408103e+00 1.154769613416398943e+00
1.501877346683354375e+00 1.049128358906277425e+00
1.627033792240300425e+00 9.373673722926968432e-01
1.752190237797246697e+00 8.185734552506339634e-01
1.877346683354192747e+00 6.826802637963443887e-01
2.002503128911139019e+00 5.590700083665988140e-01
2.127659574468085069e+00 4.094790564992352722e-01
2.252816020025031563e+00 2.703887310183117343e-01
2.377972465581977612e+00 1.045746845666154917e-01
2.503128911138923662e+00 -2.905149841821347279e-02
2.628285356695870156e+00 -1.818932204390926732e-01
2.753441802252816206e+00 -3.355824283899551674e-01
2.878598247809762256e+00 -5.171817004490523173e-01
3.003754693366708750e+00 -6.727808712837920480e-01
3.128911138923654800e+00 -8.500309647774189070e-01
3.254067584480600850e+00 -1.025081431524306197e+00
3.379224030037546900e+00 -1.207721934378255035e+00
3.504380475594493394e+00 -1.382957303355824896e+00
3.629536921151439444e+00 -1.572824001809813410e+00
3.754693366708385494e+00 -1.752273273177969326e+00
3.879849812265331988e+00 -1.948304927420063892e+00
4.005006257822278037e+00 -2.094311857362487039e+00
4.130162703379224531e+00 -2.013418379048477203e+00
4.255319148936170137e+00 -2.021155545789191876e+00
4.380475594493116631e+00 -1.851410209473279389e+00
4.505632040050063125e+00 -1.655060290582266447e+00
4.630788485607008731e+00 -1.570316098799605431e+00
4.755944931163955225e+00 -1.535294810426418799e+00
4.881101376720901719e+00 -1.547880990689560976e+00
5.006257822277847325e+00 -1.563193644134286187e+00
5.131414267834793819e+00 -1.611930838575764247e+00
5.256570713391740313e+00 -1.666253500645233698e+00
5.381727158948685918e+00 -1.727128904166760570e+00
5.506883604505632412e+00 -1.815439812262142016e+00
5.632040050062578906e+00 -1.902514888820214800e+00
5.757196495619524512e+00 -1.983629997206851181e+00
5.882352941176471006e+00 -2.097595137244385732e+00
6.007509386733417500e+00 -2.203292516548930546e+00
6.132665832290363106e+00 -2.276512754915717363e+00
6.257822277847309600e+00 -2.404579749793045895e+00
6.382978723404255206e+00 -2.503290029005714512e+00
6.508135168961201700e+00 -2.598616858422059916e+00
6.633291614518148194e+00 -2.657967689283449619e+00
6.758448060075093800e+00 -2.779119680656895408e+00
6.883604505632040294e+00 -2.882008913052389154e+00
7.008760951188986787e+00 -2.985249777592192899e+00
7.133917396745932393e+00 -2.981041425524732169e+00
7.259073842302878887e+00 -3.048625995868205152e+00
7.384230287859825381e+00 -3.121263840799445521e+00
7.509386733416770987e+00 -3.182132561158104611e+00
7.634543178973717481e+00 -3.254995989558985503e+00
7.759699624530663975e+00 -3.294029653816911374e+00
7.884856070087609581e+00 -3.334743729467731121e+00
8.010012515644556075e+00 -3.377449682593066438e+00
8.135168961201502569e+00 -3.411243998502066166e+00
8.260325406758449063e+00 -3.534141337299929297e+00
8.385481852315393780e+00 -3.622988245401201013e+00
8.510638297872340274e+00 -3.657018673284966770e+00
8.635794743429286768e+00 -3.399377883467364470e+00
8.760951188986233262e+00 -3.250953109124549378e+00
8.886107634543179756e+00 -3.193456953339015580e+00
9.011264080100126250e+00 -3.190909108189359689e+00
9.136420525657070968e+00 -3.198351123048915667e+00
9.261576971214017462e+00 -3.241375108821408890e+00
9.386733416770963956e+00 -3.290311112738477206e+00
9.511889862327910450e+00 -3.371010078737135540e+00
9.637046307884856944e+00 -3.452169513387831845e+00
9.762202753441803438e+00 -3.545293311135645276e+00
9.887359198998748155e+00 -3.610536702006668985e+00
1.001251564455569465e+01 -3.725509707489949474e+00
1.013767209011264114e+01 -3.786730336243792738e+00
1.026282853566958764e+01 -3.785803447185184023e+00
1.038798498122653413e+01 -3.828610967683544697e+00
1.051314142678348063e+01 -3.812820659960772574e+00
1.063829787234042534e+01 -3.784683638262655858e+00
1.076345431789737184e+01 -3.856465914185182697e+00
1.088861076345431833e+01 -3.896428035135099055e+00
1.101376720901126482e+01 -3.877117291882941075e+00
1.113892365456821132e+01 -3.865393429642414169e+00
1.126408010012515781e+01 -3.889937597763491350e+00
1.138923654568210253e+01 -3.961076535414667088e+00
1.151439299123904902e+01 -3.972925187168894645e+00
1.163954943679599552e+01 -3.958335595824229891e+00
1.176470588235294201e+01 -3.953193557038388040e+00
1.188986232790988851e+01 -3.971000970629558591e+00
1.201501877346683500e+01 -4.042344370400641651e+00
1.214017521902377972e+01 -4.010444145729101351e+00
1.226533166458072621e+01 -4.042785759194726047e+00
1.239048811013767271e+01 -4.051545246817623180e+00
1.251564455569461920e+01 -4.053950588426614488e+00
1.264080100125156569e+01 -4.056625688296630727e+00
1.276595744680851041e+01 -4.044619519955870324e+00
1.289111389236545691e+01 -4.074385528193621653e+00
1.301627033792240340e+01 -4.083547299724830104e+00
1.314142678347934989e+01 -4.106124127130821755e+00
1.326658322903629639e+01 -4.152299001146985802e+00
1.339173967459324288e+01 -4.075440591706247950e+00
1.351689612015018760e+01 -4.022190434735023246e+00
1.364205256570713409e+01 -4.015578688463558699e+00
1.376720901126408059e+01 -4.040991730573725071e+00
1.389236545682102708e+01 -4.100081278616896974e+00
1.401752190237797357e+01 -4.154261759801530118e+00
1.414267834793492007e+01 -4.179121897562789734e+00
1.426783479349186479e+01 -4.168682035423065813e+00
1.439299123904881128e+01 -4.171550544336239064e+00
1.451814768460575777e+01 -4.182150536598344459e+00
1.464330413016270427e+01 -4.169996856183035838e+00
1.476846057571965076e+01 -4.161609633785968931e+00
1.489361702127659726e+01 -4.169303902315911969e+00
1.501877346683354197e+01 -4.166973201002854843e+00
1.514392991239048847e+01 -4.163501099178573028e+00
1.526908635794743496e+01 -4.177954702911025997e+00
1.539424280350438146e+01 -4.185043166227051081e+00
1.551939924906132795e+01 -4.187411231214163365e+00
1.564455569461827444e+01 -4.182437303616737267e+00
1.576971214017521916e+01 -4.177797282946583479e+00
1.589486858573216566e+01 -4.174778547322524069e+00
1.602002503128911215e+01 -4.179482753256897887e+00
1.614518147684605864e+01 -4.170979719442636124e+00
1.627033792240300514e+01 -4.163606321093022977e+00
1.639549436795995163e+01 -4.139515150756273520e+00
1.652065081351689813e+01 -4.122166316641062700e+00
1.664580725907384462e+01 -4.107788150651678905e+00
1.677096370463078756e+01 -4.087466074365173618e+00
1.689612015018773405e+01 -4.066832353026627267e+00
1.702127659574468055e+01 -4.049470726163797885e+00
1.714643304130162704e+01 -4.033229271245192038e+00
1.727158948685857354e+01 -4.016173922393589280e+00
1.739674593241552003e+01 -3.999791889958826729e+00
1.752190237797246652e+01 -3.983476162879400206e+00
1.764705882352941302e+01 -3.966552216090105887e+00
1.777221526908635951e+01 -3.950363829837847174e+00
1.789737171464330601e+01 -3.934265689125896248e+00
1.802252816020025250e+01 -3.918982571724667352e+00
1.814768460575719899e+01 -3.904319192732099708e+00
1.827284105131414194e+01 -3.890947718998647442e+00
1.839799749687108843e+01 -3.878511369683487864e+00
1.852315394242803492e+01 -3.867775959310336908e+00
1.864831038798498142e+01 -3.858378017032797924e+00
1.877346683354192791e+01 -3.850875710290926346e+00
1.889862327909887441e+01 -3.845255845225863833e+00
1.902377972465582090e+01 -3.840858165250809808e+00
1.914893617021276739e+01 -3.838767055522702698e+00
1.927409261576971389e+01 -3.837407589190027668e+00
1.939924906132666038e+01 -3.837185478057370425e+00
1.952440550688360688e+01 -3.837131557431641582e+00
1.964956195244055337e+01 -3.836733403500602435e+00
1.977471839799749631e+01 -3.835804790449294899e+00
1.989987484355444280e+01 -3.835209430371175010e+00
2.002503128911138930e+01 -3.834157526698946050e+00
2.015018773466833579e+01 -3.833658447877959397e+00
2.027534418022528229e+01 -3.832771083849357829e+00
2.040050062578222878e+01 -3.832272463721150491e+00
2.052565707133917527e+01 -3.832299169034949049e+00
2.065081351689612177e+01 -3.832526108632050565e+00
2.077596996245306826e+01 -3.833247886212820976e+00
2.090112640801001476e+01 -3.833432823866793182e+00
2.102628285356696125e+01 -3.833622737947951276e+00
2.115143929912390419e+01 -3.833047134389389488e+00
2.127659574468085069e+01 -3.831683599279182229e+00
2.140175219023779718e+01 -3.829210430494488282e+00
2.152690863579474367e+01 -3.826435442110602825e+00
2.165206508135169017e+01 -3.822666157594924563e+00
2.177722152690863666e+01 -3.818233600341445655e+00
2.190237797246558316e+01 -3.814160031715451815e+00
2.202753441802252965e+01 -3.809113230026977881e+00
2.215269086357947614e+01 -3.804421494054961439e+00
2.227784730913642264e+01 -3.800061196575823086e+00
2.240300375469336913e+01 -3.794171795145440562e+00
2.252816020025031563e+01 -3.790148575850993851e+00
2.265331664580725857e+01 -3.783458951127159242e+00
2.277847309136420506e+01 -3.777459128999812510e+00
2.290362953692115155e+01 -3.772923167898846408e+00
2.302878598247809805e+01 -3.765497613652899034e+00
2.315394242803504454e+01 -3.759416120676386530e+00
2.327909887359199104e+01 -3.754371384721458149e+00
2.340425531914893753e+01 -3.747074042513682368e+00
2.352941176470588402e+01 -3.741742234415751156e+00
2.365456821026283052e+01 -3.734536031525570898e+00
2.377972465581977701e+01 -3.727799673097296651e+00
2.390488110137672351e+01 -3.721621506307087657e+00
2.403003754693367000e+01 -3.715250221994743640e+00
2.415519399249061294e+01 -3.708820890829086281e+00
2.428035043804755944e+01 -3.704923846623600081e+00
2.440550688360450593e+01 -3.697088975510831599e+00
2.453066332916145242e+01 -3.690322560481054559e+00
2.465581977471839892e+01 -3.684381200656519972e+00
2.478097622027534541e+01 -3.678116500023733693e+00
2.490613266583229191e+01 -3.672218587992295280e+00
2.503128911138923840e+01 -3.666766489386809713e+00
2.515644555694618489e+01 -3.661113727272251150e+00
2.528160200250313139e+01 -3.654684357327377064e+00
2.540675844806007788e+01 -3.649452994092019953e+00
2.553191489361702082e+01 -3.644333604112953040e+00
2.565707133917396732e+01 -3.638489952628193080e+00
2.578222778473091381e+01 -3.632089829051251773e+00
2.590738423028786030e+01 -3.627925659414933168e+00
2.603254067584480680e+01 -3.620930215266167540e+00
2.615769712140175329e+01 -3.616235873506869147e+00
2.628285356695869979e+01 -3.610419953796325743e+00
2.640801001251564628e+01 -3.605417830464922702e+00
2.653316645807259277e+01 -3.599593919272433773e+00
2.665832290362953927e+01 -3.594657073889997889e+00
2.678347934918648576e+01 -3.588927457853504421e+00
2.690863579474343226e+01 -3.584134340135892938e+00
2.703379224030037520e+01 -3.580101889794906178e+00
2.715894868585732169e+01 -3.575444045520479897e+00
2.728410513141426819e+01 -3.568623755026335331e+00
2.740926157697121468e+01 -3.564471719995013110e+00
2.753441802252816117e+01 -3.558952484384861670e+00
2.765957446808510767e+01 -3.554431887119221312e+00
2.778473091364205416e+01 -3.549932146369630726e+00
2.790988735919900066e+01 -3.545293261169244037e+00
2.803504380475594715e+01 -3.540615974242674380e+00
2.816020025031289364e+01 -3.535896602445534054e+00
2.828535669586984014e+01 -3.531474309579405890e+00
2.841051314142678308e+01 -3.527255855892713399e+00
2.853566958698372957e+01 -3.522263456417936478e+00
2.866082603254067607e+01 -3.518848930890140281e+00
2.878598247809762256e+01 -3.514837147820568664e+00
2.891113892365456906e+01 -3.510396285480043232e+00
2.903629536921151555e+01 -3.504855445120237167e+00
2.916145181476846204e+01 -3.499803365617608630e+00
2.928660826032540854e+01 -3.495498632479904000e+00
2.941176470588235503e+01 -3.491046741078200011e+00
2.953692115143930152e+01 -3.488000234269799105e+00
2.966207759699624802e+01 -3.484199887859538602e+00
2.978723404255319451e+01 -3.478942698264692268e+00
2.991239048811013745e+01 -3.474666359481653366e+00
3.003754693366708395e+01 -3.470419323748051177e+00
3.016270337922403044e+01 -3.465393584420107143e+00
3.028785982478097694e+01 -3.462154901711333110e+00
3.041301627033792343e+01 -3.457682906473945383e+00
3.053817271589486992e+01 -3.453592753671720139e+00
3.066332916145181642e+01 -3.450067335430814452e+00
3.078848560700876291e+01 -3.445611919317637994e+00
3.091364205256570941e+01 -3.441260269893463786e+00
3.103879849812265590e+01 -3.436812665231804953e+00
3.116395494367960239e+01 -3.433117635650989818e+00
3.128911138923654889e+01 -3.429310883456566650e+00
3.141426783479349183e+01 -3.425796757256143188e+00
3.153942428035043832e+01 -3.422413088299582462e+00
3.166458072590738482e+01 -3.416877377373013225e+00
3.178973717146433131e+01 -3.415032607292991518e+00
3.191489361702127781e+01 -3.410096350638630813e+00
3.204005006257822430e+01 -3.406479316062752893e+00
3.216520650813517079e+01 -3.401755917525592476e+00
3.229036295369211729e+01 -3.399554988735963512e+00
3.241551939924906378e+01 -3.394374201208780306e+00
3.254067584480601028e+01 -3.391802800262679440e+00
3.266583229036295677e+01 -3.387968433832243331e+00
3.279098873591990326e+01 -3.386240824929544146e+00
3.291614518147684976e+01 -3.383633911655564930e+00
3.304130162703379625e+01 -3.379703454719993783e+00
3.316645807259074274e+01 -3.377106840534494836e+00
3.329161451814768924e+01 -3.374844753158745547e+00
3.341677096370463573e+01 -3.370082567730790846e+00
3.354192740926157512e+01 -3.367924219375314276e+00
3.366708385481852162e+01 -3.367481295574676015e+00
3.379224030037546811e+01 -3.365160528904296733e+00
3.391739674593241460e+01 -3.361870375455513038e+00
3.404255319148936110e+01 -3.359926819864394343e+00
3.416770963704630759e+01 -3.359082023521399396e+00
3.429286608260325409e+01 -3.358037982047128445e+00
3.441802252816020058e+01 -3.356656910122678195e+00
3.454317897371714707e+01 -3.355804399092831236e+00
3.466833541927409357e+01 -3.356273827996930859e+00
3.479349186483104006e+01 -3.354399883019941520e+00
3.491864831038798656e+01 -3.354261019648418163e+00
3.504380475594493305e+01 -3.353600378089739653e+00
3.516896120150187954e+01 -3.355351405320803782e+00
3.529411764705882604e+01 -3.359859117442935972e+00
3.541927409261577253e+01 -3.355908511719690068e+00
3.554443053817271903e+01 -3.353983184931293771e+00
3.566958698372966552e+01 -3.354114307396298233e+00
3.579474342928661201e+01 -3.354457556384914163e+00
3.591989987484355851e+01 -3.353695443959989309e+00
3.604505632040050500e+01 -3.354129629747299113e+00
3.617021276595745150e+01 -3.353855348570830230e+00
3.629536921151439799e+01 -3.354006391898185946e+00
3.642052565707133738e+01 -3.353572639239395414e+00
3.654568210262828387e+01 -3.353439863459560133e+00
3.667083854818523037e+01 -3.353150984612863983e+00
3.679599499374217686e+01 -3.352415130998516180e+00
3.692115143929912335e+01 -3.351749580391337968e+00
3.704630788485606985e+01 -3.351424983656843715e+00
3.717146433041301634e+01 -3.350835083719669871e+00
3.729662077596996284e+01 -3.349873001086743241e+00
3.742177722152690933e+01 -3.350054770340634924e+00
3.754693366708385582e+01 -3.347664770680116142e+00
3.767209011264080232e+01 -3.346471589815688485e+00
3.779724655819774881e+01 -3.345328210509088240e+00
3.792240300375469531e+01 -3.344095920253876919e+00
3.804755944931164180e+01 -3.342590996939925230e+00
3.817271589486858829e+01 -3.341538219173335822e+00
3.829787234042553479e+01 -3.339298603931803111e+00
3.842302878598248128e+01 -3.337631445466207047e+00
3.854818523153942778e+01 -3.336625435806282347e+00
3.867334167709637427e+01 -3.334387559839891768e+00
3.879849812265332076e+01 -3.332143504353882957e+00
3.892365456821026726e+01 -3.330363772331199623e+00
3.904881101376721375e+01 -3.328390626675571617e+00
3.917396745932416025e+01 -3.326140382048264232e+00
3.929912390488110674e+01 -3.324361295244932180e+00
3.942428035043804613e+01 -3.322191079726224405e+00
3.954943679599499262e+01 -3.319914974986359901e+00
3.967459324155193912e+01 -3.317881327155698834e+00
3.979974968710888561e+01 -3.315401106190098979e+00
3.992490613266583210e+01 -3.313524449089177537e+00
4.005006257822277860e+01 -3.311093516839349160e+00
4.017521902377972509e+01 -3.308935079677711499e+00
4.030037546933667159e+01 -3.307160112023597165e+00
4.042553191489361808e+01 -3.304773082153626973e+00
4.055068836045056457e+01 -3.302631087212427374e+00
4.067584480600751107e+01 -3.300053060211342260e+00
4.080100125156445756e+01 -3.297563415953339128e+00
4.092615769712140406e+01 -3.296188018466933212e+00
4.105131414267835055e+01 -3.293266317841852864e+00
4.117647058823529704e+01 -3.290765580008177871e+00
4.130162703379224354e+01 -3.288848091354593439e+00
4.142678347934919003e+01 -3.286294746580511905e+00
4.155193992490613653e+01 -3.284491743221389370e+00
4.167709637046308302e+01 -3.281940629343743865e+00
4.180225281602002951e+01 -3.279817149504814289e+00
4.192740926157697601e+01 -3.277733584660063926e+00
4.205256570713392250e+01 -3.275275325064493703e+00
4.217772215269086900e+01 -3.274005522118231593e+00
4.230287859824780838e+01 -3.270923888879771813e+00
4.242803504380475488e+01 -3.268869870108754849e+00
4.255319148936170137e+01 -3.267240471900258569e+00
4.267834793491864787e+01 -3.265564725272356306e+00
4.280350438047559436e+01 -3.262547781620628307e+00
4.292866082603254085e+01 -3.261222632324161097e+00
4.305381727158948735e+01 -3.258252567288586032e+00
4.317897371714643384e+01 -3.256680184400637224e+00
4.330413016270338034e+01 -3.255578569590430682e+00
4.342928660826032683e+01 -3.252160003591249904e+00
4.355444305381727332e+01 -3.251329955248958736e+00
4.367959949937421982e+01 -3.248391677777120901e+00
4.380475594493116631e+01 -3.246188644107605548e+00
4.392991239048811281e+01 -3.244606711448633884e+00
4.405506883604505930e+01 -3.242492599788918017e+00
4.418022528160200579e+01 -3.240145100583697868e+00
4.430538172715895229e+01 -3.238255252264251816e+00
4.443053817271589878e+01 -3.237066485951558992e+00
4.455569461827284528e+01 -3.234666285270388908e+00
4.468085106382979177e+01 -3.232583072198620844e+00
4.480600750938673826e+01 -3.231044281278944830e+00
4.493116395494368476e+01 -3.229588334951198902e+00
4.505632040050063125e+01 -3.227142648895970467e+00
4.518147684605757064e+01 -3.225033652284216235e+00
4.530663329161451713e+01 -3.223549924351347684e+00
4.543178973717146363e+01 -3.221682777464495384e+00
4.555694618272841012e+01 -3.219902741207147479e+00
4.568210262828535662e+01 -3.218054968664283866e+00
4.580725907384230311e+01 -3.216629797466592056e+00
4.593241551939924960e+01 -3.214302350941256048e+00
4.605757196495619610e+01 -3.212392588801412430e+00
4.618272841051314259e+01 -3.211351328701079311e+00
4.630788485607008909e+01 -3.209173074314649821e+00
4.643304130162703558e+01 -3.207087026776537897e+00
4.655819774718398207e+01 -3.207764008971533354e+00
4.668335419274092857e+01 -3.203604464142084218e+00
4.680851063829787506e+01 -3.205089715055914557e+00
4.693366708385482156e+01 -3.200315064745409721e+00
4.705882352941176805e+01 -3.199690147556539799e+00
4.718397997496871454e+01 -3.196801803788102969e+00
4.730913642052566104e+01 -3.195430747005659544e+00
4.743429286608260753e+01 -3.193247012545182173e+00
4.755944931163955403e+01 -3.190886780319440064e+00
4.768460575719650052e+01 -3.189379745879431738e+00
4.780976220275344701e+01 -3.190015884803924173e+00
4.793491864831039351e+01 -3.185772629639963771e+00
4.806007509386734000e+01 -3.184664795472963217e+00
4.818523153942427939e+01 -3.182978387404028719e+00
4.831038798498122588e+01 -3.180561221355616031e+00
4.843554443053817238e+01 -3.180696220721707324e+00
4.856070087609511887e+01 -3.178657794556596805e+00
4.868585732165206537e+01 -3.177334835343626374e+00
4.881101376720901186e+01 -3.175552639540447419e+00
4.893617021276595835e+01 -3.175495089388770786e+00
4.906132665832290485e+01 -3.173700513691295466e+00
4.918648310387985134e+01 -3.169527859427047289e+00
4.931163954943679784e+01 -3.167078637033919009e+00
4.943679599499374433e+01 -3.166030339558903339e+00
4.956195244055069082e+01 -3.164156489212790024e+00
4.968710888610763732e+01 -3.163287032493548701e+00
4.981226533166458381e+01 -3.162123273014244784e+00
4.993742177722153031e+01 -3.159019912362587945e+00
5.006257822277847680e+01 -3.157597204731072527e+00
5.018773466833542329e+01 -3.158642568742812351e+00
5.031289111389236979e+01 -3.156228044891367990e+00
5.043804755944931628e+01 -3.152963135489962987e+00
5.056320400500626278e+01 -3.152976473632608467e+00
5.068836045056320927e+01 -3.154345686061177378e+00
5.081351689612015576e+01 -3.149697309829625702e+00
5.093867334167710226e+01 -3.146968092558250607e+00
5.106382978723404165e+01 -3.145437855206774547e+00
5.118898623279098814e+01 -3.143639454502010988e+00
5.131414267834793463e+01 -3.142931241298165812e+00
5.143929912390488113e+01 -3.140842027339401543e+00
5.156445556946182762e+01 -3.140872323178363512e+00
5.168961201501877412e+01 -3.139731050020030612e+00
5.181476846057572061e+01 -3.137702141508582176e+00
5.193992490613266710e+01 -3.135997419725084168e+00
5.206508135168961360e+01 -3.135539433643220963e+00
5.219023779724656009e+01 -3.133651856050092555e+00
5.231539424280350659e+01 -3.133119480972872850e+00
5.244055068836045308e+01 -3.133514600734613076e+00
5.256570713391739957e+01 -3.131473801849651739e+00
5.269086357947434607e+01 -3.131788526740598488e+00
5.281602002503129256e+01 -3.131971189354029406e+00
5.294117647058823906e+01 -3.130870931856311490e+00
5.306633291614518555e+01 -3.129526176218362377e+00
5.319148936170213204e+01 -3.128023069791698862e+00
5.331664580725907854e+01 -3.129770828399605964e+00
5.344180225281602503e+01 -3.128565392538633194e+00
5.356695869837297153e+01 -3.128454896493039428e+00
5.369211514392991802e+01 -3.127553011880017220e+00
5.381727158948686451e+01 -3.128481248455938335e+00
5.394242803504380390e+01 -3.129216657097859233e+00
5.406758448060075040e+01 -3.127524758449372833e+00
5.419274092615769689e+01 -3.128204814980681814e+00
5.431789737171464338e+01 -3.127332100277130156e+00
5.444305381727158988e+01 -3.127283881458457593e+00
5.456821026282853637e+01 -3.127847047001735437e+00
5.469336670838548287e+01 -3.128931090801009063e+00
5.481852315394242936e+01 -3.128645861341151413e+00
5.494367959949937585e+01 -3.128373328002036047e+00
5.506883604505632235e+01 -3.128926469889735440e+00
5.519399249061326884e+01 -3.128538167126596825e+00
5.531914893617021534e+01 -3.130170738217437076e+00
5.544430538172716183e+01 -3.128722011268007197e+00
5.556946182728410832e+01 -3.129600842629916446e+00
5.569461827284105482e+01 -3.132453397463438094e+00
5.581977471839800131e+01 -3.129711005416772274e+00
5.594493116395494781e+01 -3.128991315132901629e+00
5.607008760951189430e+01 -3.131696683496912659e+00
5.619524405506884079e+01 -3.129136167214616293e+00
5.632040050062578729e+01 -3.127617920572205001e+00
5.644555694618273378e+01 -3.127308571017564987e+00
5.657071339173968028e+01 -3.126823145916860280e+00
5.669586983729662677e+01 -3.127697872367520393e+00
5.682102628285356616e+01 -3.127012043977701161e+00
5.694618272841051265e+01 -3.125657154887435230e+00
5.707133917396745915e+01 -3.126599803395736288e+00
5.719649561952440564e+01 -3.127317922802521188e+00
5.732165206508135213e+01 -3.124964827481728324e+00
5.744680851063829863e+01 -3.123409802721763384e+00
5.757196495619524512e+01 -3.122604904094559597e+00
5.769712140175219162e+01 -3.121965843556735010e+00
5.782227784730913811e+01 -3.121119025912993283e+00
5.794743429286608460e+01 -3.120108423438874290e+00
5.807259073842303110e+01 -3.119060435951058086e+00
5.819774718397997759e+01 -3.118141837370316694e+00
5.832290362953692409e+01 -3.121085543496195491e+00
5.844806007509387058e+01 -3.117782845056343621e+00
5.857321652065081707e+01 -3.116845374227508625e+00
5.869837296620776357e+01 -3.116266886886453591e+00
5.882352941176471006e+01 -3.115224661565100472e+00
5.894868585732165656e+01 -3.112574751815906815e+00
5.907384230287860305e+01 -3.111479923170715978e+00
5.919899874843554954e+01 -3.111534354576544814e+00
5.932415519399249604e+01 -3.109399727305862005e+00
5.944931163954944253e+01 -3.109481707881813328e+00
5.957446808510638903e+01 -3.107785207896919477e+00
5.969962453066333552e+01 -3.107969429033064390e+00
5.982478097622027491e+01 -3.105156665386926473e+00
5.994993742177722140e+01 -3.103779298979281176e+00
6.007509386733416790e+01 -3.103165139813217621e+00
6.020025031289111439e+01 -3.102249904828352278e+00
6.032540675844806088e+01 -3.101002605553383695e+00
6.045056320400500738e+01 -3.100620080478238894e+00
6.057571964956195387e+01 -3.099444168382658571e+00
6.070087609511890037e+01 -3.097612530102120676e+00
6.082603254067584686e+01 -3.096532905608759823e+00
6.095118898623279335e+01 -3.097487680507981178e+00
6.107634543178973985e+01 -3.094979289913864395e+00
6.120150187734668634e+01 -3.093348327431405309e+00
6.132665832290363284e+01 -3.092229174178721784e+00
6.145181476846057933e+01 -3.091339909022246868e+00
6.157697121401752582e+01 -3.090895851858479482e+00
6.170212765957447232e+01 -3.089708073281323131e+00
6.182728410513141881e+01 -3.088180896534212572e+00
6.195244055068836531e+01 -3.086881702702020114e+00
6.207759699624531180e+01 -3.090025783479302124e+00
6.220275344180225829e+01 -3.085460952717526961e+00
6.232790988735920479e+01 -3.084265330298277430e+00
6.245306633291615128e+01 -3.082861737694031046e+00
6.257822277847309778e+01 -3.082849190039691045e+00
6.270337922403003716e+01 -3.086312872732063450e+00
6.282853566958698366e+01 -3.082170318529737774e+00
6.295369211514393015e+01 -3.082739527268398838e+00
6.307884856070087665e+01 -3.077859901531155629e+00
6.320400500625782314e+01 -3.076739888334560913e+00
6.332916145181476963e+01 -3.076816560504759490e+00
6.345431789737171613e+01 -3.074845474986993121e+00
6.357947434292866262e+01 -3.074105979783081644e+00
6.370463078848560912e+01 -3.073289365869962708e+00
6.382978723404255561e+01 -3.072294229800800913e+00
6.395494367959950210e+01 -3.071574826489255283e+00
6.408010012515644860e+01 -3.070804495412251978e+00
6.420525657071338799e+01 -3.069190044476806101e+00
6.433041301627034159e+01 -3.069543647848282486e+00
6.445556946182728097e+01 -3.068596776545097882e+00
6.458072590738423457e+01 -3.066422567534966781e+00
6.470588235294117396e+01 -3.065407574862278661e+00
6.483103879849812756e+01 -3.064506022139724450e+00
6.495619524405506695e+01 -3.065232336148072001e+00
6.508135168961202055e+01 -3.062876188093495600e+00
6.520650813516895994e+01 -3.062542463818040961e+00
6.533166458072591354e+01 -3.061322816431421678e+00
6.545682102628285293e+01 -3.060202688085539968e+00
6.558197747183980653e+01 -3.059418463368963170e+00
6.570713391739674591e+01 -3.058148879188627323e+00
6.583229036295369951e+01 -3.058859177118611772e+00
6.595744680851063890e+01 -3.056583076217269213e+00
6.608260325406759250e+01 -3.055821862812683420e+00
6.620775969962453189e+01 -3.054739790148262468e+00
6.633291614518148549e+01 -3.053688380491732524e+00
6.645807259073842488e+01 -3.052806632737425918e+00
6.658322903629537848e+01 -3.052340570185342994e+00
6.670838548185231787e+01 -3.051979094859703423e+00
6.683354192740927147e+01 -3.051177863756764808e+00
6.695869837296621085e+01 -3.050058009480712151e+00
6.708385481852315024e+01 -3.049238414690807808e+00
6.720901126408010384e+01 -3.047770341192777899e+00
6.733416770963704323e+01 -3.046862535560156182e+00
6.745932415519399683e+01 -3.046278493374298790e+00
6.758448060075093622e+01 -3.045138848678508925e+00
6.770963704630788982e+01 -3.044992622956289807e+00
6.783479349186482921e+01 -3.045215539939788219e+00
6.795994993742178281e+01 -3.043036337993688889e+00
6.808510638297872219e+01 -3.042105177625426204e+00
6.821026282853567579e+01 -3.041313201339717054e+00
6.833541927409261518e+01 -3.041276841384754182e+00
6.846057571964956878e+01 -3.039310462824163839e+00
6.858573216520650817e+01 -3.038647041394680670e+00
6.871088861076346177e+01 -3.038062224961384672e+00
6.883604505632040116e+01 -3.037185428582293234e+00
6.896120150187735476e+01 -3.036201369658692251e+00
6.908635794743429415e+01 -3.035287175398147852e+00
6.921151439299124775e+01 -3.034772575296154073e+00
6.933667083854818713e+01 -3.033703487946593391e+00
6.946182728410514073e+01 -3.032807182776862565e+00
6.958698372966208012e+01 -3.032025445842750688e+00
6.971214017521903372e+01 -3.031101375144808152e+00
6.983729662077597311e+01 -3.030503057536971578e+00
6.996245306633291250e+01 -3.030265580816368320e+00
7.008760951188986610e+01 -3.028646442462155530e+00
7.021276595744680549e+01 -3.028419457330440601e+00
7.033792240300375909e+01 -3.027469070741374946e+00
7.046307884856069848e+01 -3.026276836122538061e+00
7.058823529411765207e+01 -3.026161993945286177e+00
7.071339173967459146e+01 -3.025519397922443954e+00
7.083854818523154506e+01 -3.024137176836007690e+00
7.096370463078848445e+01 -3.023117039468556477e+00
7.108886107634543805e+01 -3.022135550144736449e+00
7.121401752190237744e+01 -3.021699844376287025e+00
7.133917396745933104e+01 -3.021066237922736430e+00
7.146433041301627043e+01 -3.020152249090636509e+00
7.158948685857322403e+01 -3.019102440621856509e+00
7.171464330413016341e+01 -3.018375981960995436e+00
7.183979974968711701e+01 -3.017189572131316222e+00
7.196495619524405640e+01 -3.016676873752870858e+00
7.209011264080101000e+01 -3.016122467534221752e+00
7.221526908635794939e+01 -3.015020559644370657e+00
7.234042553191490299e+01 -3.014652799290134411e+00
7.246558197747184238e+01 -3.014343640872653829e+00
7.259073842302879598e+01 -3.013687992182832787e+00
7.271589486858573537e+01 -3.011752838887789885e+00
7.284105131414267476e+01 -3.011037542804692713e+00
7.296620775969962835e+01 -3.010105628577589343e+00
7.309136420525656774e+01 -3.009159078038352586e+00
7.321652065081352134e+01 -3.010359503535661840e+00
7.334167709637046073e+01 -3.008017822988890977e+00
7.346683354192741433e+01 -3.008022801953313063e+00
7.359198998748435372e+01 -3.006274217955267503e+00
7.371714643304130732e+01 -3.005006304949823903e+00
7.384230287859824671e+01 -3.005081820203699738e+00
7.396745932415520031e+01 -3.004670264519436529e+00
7.409261576971213970e+01 -3.002845048386635796e+00
7.421777221526909329e+01 -3.001989117204768576e+00
7.434292866082603268e+01 -3.003285076457780978e+00
7.446808510638298628e+01 -3.002363534749963758e+00
7.459324155193992567e+01 -3.000201857342699618e+00
7.471839799749687927e+01 -3.000210007879921648e+00
7.484355444305381866e+01 -2.999120088121836503e+00
7.496871088861077226e+01 -2.998203944308751367e+00
7.509386733416771165e+01 -2.998638072645297026e+00
7.521902377972466525e+01 -2.997076671257223879e+00
7.534418022528160463e+01 -2.996706094179387492e+00
7.546933667083855823e+01 -2.996235989331714755e+00
7.559449311639549762e+01 -2.997714944217594990e+00
7.571964956195245122e+01 -2.996375302158736265e+00
7.584480600750939061e+01 -2.995888997854851077e+00
7.596996245306633000e+01 -2.995881824303781027e+00
7.609511889862328360e+01 -2.995431424942596177e+00
7.622027534418022299e+01 -2.995197957249522425e+00
7.634543178973717659e+01 -2.995383065235545761e+00
7.647058823529411598e+01 -2.995741574744043678e+00
7.659574468085106957e+01 -2.995910608207611681e+00
7.672090112640800896e+01 -2.996165883460984336e+00
7.684605757196496256e+01 -2.996685889734849173e+00
7.697121401752190195e+01 -2.997025973762375450e+00
7.709637046307885555e+01 -3.000336457793440825e+00
7.722152690863579494e+01 -2.998588786407603735e+00
7.734668335419274854e+01 -2.997960756184160136e+00
7.747183979974968793e+01 -2.998335185807623482e+00
7.759699624530664153e+01 -3.000670111087811787e+00
7.772215269086358091e+01 -3.000509256727946106e+00
7.784730913642053451e+01 -2.999209081393052312e+00
7.797246558197747390e+01 -3.000489695736562545e+00
7.809762202753442750e+01 -3.000368162978919617e+00
7.822277847309136689e+01 -3.000748943884407272e+00
7.834793491864832049e+01 -3.004065047682138445e+00
7.847309136420525988e+01 -3.001196750066230656e+00
7.859824780976221348e+01 -3.002668345507925718e+00
7.872340425531915287e+01 -3.002338746327144037e+00
7.884856070087609226e+01 -3.004878818847361632e+00
7.897371714643304585e+01 -3.003010780592883844e+00
7.909887359198998524e+01 -3.002875907876067174e+00
7.922403003754693884e+01 -3.003958001227897689e+00
7.934918648310387823e+01 -3.005418111920826973e+00
7.947434292866083183e+01 -3.001796081522797977e+00
7.959949937421777122e+01 -3.001970521846310636e+00
7.972465581977472482e+01 -3.002186197359050901e+00
7.984981226533166421e+01 -3.003648011602729984e+00
7.997496871088861781e+01 -3.000963059688477319e+00
8.010012515644555720e+01 -3.000948030358614904e+00
8.022528160200251079e+01 -3.000489012903990282e+00
8.035043804755945018e+01 -3.001448935446754618e+00
8.047559449311640378e+01 -3.004904553850472393e+00
8.060075093867334317e+01 -3.002748820255587425e+00
8.072590738423029677e+01 -2.999912128249730969e+00
8.085106382978723616e+01 -3.000771200426927354e+00
8.097622027534418976e+01 -2.998347287069517808e+00
8.110137672090112915e+01 -2.997694964204088208e+00
8.122653316645808275e+01 -2.998548087858573741e+00
8.135168961201502213e+01 -2.996214823995259735e+00
8.147684605757197573e+01 -2.996714756930982215e+00
8.160200250312891512e+01 -2.995221462065072338e+00
8.172715894868585451e+01 -2.998384970418790374e+00
8.185231539424280811e+01 -2.994083142951691201e+00
8.197747183979974750e+01 -2.995268911396113509e+00
8.210262828535670110e+01 -2.992944159495543044e+00
8.222778473091364049e+01 -2.991452323988744499e+00
8.235294117647059409e+01 -2.991741179595297506e+00
8.247809762202753348e+01 -2.992188479512892130e+00
8.260325406758448707e+01 -2.991217035177407002e+00
8.272841051314142646e+01 -2.989952565932451733e+00
8.285356695869838006e+01 -2.993197511837362157e+00
8.297872340425531945e+01 -2.988309057171110172e+00
8.310387984981227305e+01 -2.988091476305047678e+00
8.322903629536921244e+01 -2.987738739244417907e+00
8.335419274092616604e+01 -2.987885946187387454e+00
8.347934918648310543e+01 -2.986409738465432007e+00
8.360450563204005903e+01 -2.986076603340666047e+00
8.372966207759699842e+01 -2.984847087983628189e+00
8.385481852315395201e+01 -2.983401497723590534e+00
8.397997496871089140e+01 -2.983814697266914173e+00
8.410513141426784500e+01 -2.984231994669994670e+00
8.423028785982478439e+01 -2.982853469080091635e+00
8.435544430538173799e+01 -2.983073950760072091e+00
8.448060075093867738e+01 -2.980780790231755351e+00
8.460575719649561677e+01 -2.980873817181995289e+00
8.473091364205257037e+01 -2.979674882250356927e+00
8.485607008760950976e+01 -2.980833379514044701e+00
8.498122653316646335e+01 -2.980206170496840556e+00
8.510638297872340274e+01 -2.977571000059944684e+00
8.523153942428035634e+01 -2.977917442577833640e+00
8.535669586983729573e+01 -2.976953348739913352e+00
8.548185231539424933e+01 -2.976502432992109259e+00
8.560700876095118872e+01 -2.975676090386326411e+00
8.573216520650814232e+01 -2.978890669528867718e+00
8.585732165206508171e+01 -2.976917713452906789e+00
8.598247809762203531e+01 -2.973738457975152016e+00
8.610763454317897470e+01 -2.972984107017963229e+00
8.623279098873592829e+01 -2.972507216992174683e+00
8.635794743429286768e+01 -2.972077903647113217e+00
8.648310387984982128e+01 -2.972048022123885858e+00
8.660826032540676067e+01 -2.971298350071880812e+00
8.673341677096371427e+01 -2.972386751189256771e+00
8.685857321652065366e+01 -2.970310625621754852e+00
8.698372966207760726e+01 -2.969256423348312524e+00
8.710888610763454665e+01 -2.970014983894083471e+00
8.723404255319150025e+01 -2.969482657991022734e+00
8.735919899874843964e+01 -2.968215840803022587e+00
8.748435544430537902e+01 -2.967663642379753330e+00
8.760951188986233262e+01 -2.966451578469083028e+00
8.773466833541927201e+01 -2.966297653234274634e+00
8.785982478097622561e+01 -2.970511593461470312e+00
8.798498122653316500e+01 -2.965785397255256584e+00
8.811013767209011860e+01 -2.965705965946499489e+00
8.823529411764705799e+01 -2.966211087439298844e+00
8.836045056320401159e+01 -2.963537817213401926e+00
8.848560700876095098e+01 -2.966402243603546207e+00
8.861076345431790457e+01 -2.963020923167402287e+00
8.873591989987484396e+01 -2.963337858421749349e+00
8.886107634543179756e+01 -2.965129008263903909e+00
8.898623279098873695e+01 -2.963548891106601246e+00
8.911138923654569055e+01 -2.961094050776103881e+00
8.923654568210262994e+01 -2.960298445924691713e+00
8.936170212765958354e+01 -2.960269035484830447e+00
8.948685857321652293e+01 -2.959872768328700943e+00
8.961201501877347653e+01 -2.959782602804921670e+00
8.973717146433041592e+01 -2.959709177981502126e+00
8.986232790988736951e+01 -2.959412405023952086e+00
8.998748435544430890e+01 -2.957407991123876645e+00
9.011264080100126250e+01 -2.957176018651807237e+00
9.023779724655820189e+01 -2.956220162802762008e+00
9.036295369211514128e+01 -2.955781583957423297e+00
9.048811013767209488e+01 -2.955660791019257161e+00
9.061326658322903427e+01 -2.957315105868150606e+00
9.073842302878598787e+01 -2.954851636064342202e+00
9.086357947434292726e+01 -2.958414577785261290e+00
9.098873591989988086e+01 -2.954223531488260779e+00
9.111389236545682024e+01 -2.953629858775721928e+00
9.123904881101377384e+01 -2.954395483806365519e+00
9.136420525657071323e+01 -2.951550242977424521e+00
9.148936170212766683e+01 -2.952632287547407142e+00
9.161451814768460622e+01 -2.951696528432517841e+00
9.173967459324155982e+01 -2.950588511126225111e+00
9.186483103879849921e+01 -2.950812718841725246e+00
9.198998748435545281e+01 -2.949931386966097246e+00
9.211514392991239220e+01 -2.950389598546266257e+00
9.224030037546934579e+01 -2.950058150795136669e+00
9.236545682102628518e+01 -2.950450414571319069e+00
9.249061326658323878e+01 -2.949691573331145289e+00
9.261576971214017817e+01 -2.948615852625937173e+00
9.274092615769713177e+01 -2.946834841628785284e+00
9.286608260325407116e+01 -2.947340250912186654e+00
9.299123904881102476e+01 -2.947402593142737448e+00
9.311639549436796415e+01 -2.946213838380695726e+00
9.324155193992490354e+01 -2.946753221056298777e+00
9.336670838548185714e+01 -2.945010289261668746e+00
9.349186483103879652e+01 -2.945864380873752353e+00
9.361702127659575012e+01 -2.944402908863916313e+00
9.374217772215268951e+01 -2.943803315580293400e+00
9.386733416770964311e+01 -2.944001057695869505e+00
9.399249061326658250e+01 -2.942784105255741078e+00
9.411764705882353610e+01 -2.942675418994699754e+00
9.424280350438047549e+01 -2.941656842239401826e+00
9.436795994993742909e+01 -2.941392354157155165e+00
9.449311639549436848e+01 -2.940756587048780624e+00
9.461827284105132208e+01 -2.940933603162584564e+00
9.474342928660826146e+01 -2.940018233875536069e+00
9.486858573216521506e+01 -2.941108861172591737e+00
9.499374217772215445e+01 -2.938890170669114621e+00
9.511889862327910805e+01 -2.938578221865348894e+00
9.524405506883604744e+01 -2.938301868614223711e+00
9.536921151439300104e+01 -2.937504165619509777e+00
9.549436795994994043e+01 -2.937216411074075051e+00
9.561952440550689403e+01 -2.937374381557406711e+00
9.574468085106383342e+01 -2.936713338600208889e+00
9.586983729662078701e+01 -2.935727141853044397e+00
9.599499374217772640e+01 -2.936016456695835330e+00
9.612015018773468000e+01 -2.934758300858245406e+00
9.624530663329161939e+01 -2.934860472287827982e+00
9.637046307884855878e+01 -2.933901192740453912e+00
9.649561952440551238e+01 -2.934109821262876672e+00
9.662077596996245177e+01 -2.933305647715271469e+00
9.674593241551940537e+01 -2.932765777216366221e+00
9.687108886107634476e+01 -2.932617008015776960e+00
9.699624530663329836e+01 -2.932444308388580279e+00
9.712140175219023774e+01 -2.931608169297668987e+00
9.724655819774719134e+01 -2.931108734025730911e+00
9.737171464330413073e+01 -2.930664897463236329e+00
9.749687108886108433e+01 -2.929801072677220564e+00
9.762202753441802372e+01 -2.929690001369167351e+00
9.774718397997497732e+01 -2.929037440639503664e+00
9.787234042553191671e+01 -2.931467798934464852e+00
9.799749687108887031e+01 -2.928201590943459109e+00
9.812265331664580970e+01 -2.927664222112195791e+00
9.824780976220276330e+01 -2.927122222267418472e+00
9.837296620775970268e+01 -2.926918252829552980e+00
9.849812265331665628e+01 -2.926603996227314486e+00
9.862327909887359567e+01 -2.925771044948902944e+00
9.874843554443054927e+01 -2.925432629023365205e+00
9.887359198998748866e+01 -2.925990664950147035e+00
9.899874843554444226e+01 -2.924453843138592912e+00
9.912390488110138165e+01 -2.923422869665319279e+00
9.924906132665832104e+01 -2.922922174304376508e+00
9.937421777221527464e+01 -2.923175755188740510e+00
9.949937421777221402e+01 -2.923693255951111514e+00
9.962453066332916762e+01 -2.921250240028053113e+00
9.974968710888610701e+01 -2.920757553934002271e+00
9.987484355444306061e+01 -2.920303820453149957e+00
1.000000000000000000e+02 -2.919719385232749431e+00
