# r   Lambda(r)
0.000000000000000000e+00 9.442272104844935399e-01
1.251564455569461887e-01 9.437211328948863498e-01
2.503128911138923773e-01 9.438889037163206153e-01
3.754693366708385938e-01 9.440733940649378431e-01
5.006257822277847547e-01 9.439369693326772337e-01
6.257822277847309156e-01 9.436520322698769281e-01
7.509386733416771875e-01 9.438614644620947347e-01
8.760951188986233484e-01 9.443354671733807937e-01
1.001251564455569509e+00 9.428147930517223330e-01
1.126408010012515781e+00 9.432198098060556868e-01
1.251564455569461831e+00 9.442585431707897214e-01
1.376720901126408103e+00 9.443060110338573621e-01
1.501877346683354375e+00 9.438962160564657866e-01
1.627033792240300425e+00 9.440714299917706276e-01
1.752190237797246697e+00 9.432501882709646290e-01
1.877346683354192747e+00 9.441284452391365267e-01
2.002503128911139019e+00 9.440859130322325488e-01
2.127659574468085069e+00 9.438716092614245490e-01
2.252816020025031563e+00 9.439554671701936295e-01
2.377972465581977612e+00 9.442720629240229924e-01
2.503128911138923662e+00 9.441689908648521756e-01
2.628285356695870156e+00 9.442297870984291963e-01
2.753441802252816206e+00 9.437209634742746989e-01
2.878598247809762256e+00 9.438608307876262815e-01
3.003754693366708750e+00 9.440206383644123012e-01
3.128911138923654800e+00 9.441409400452467349e-01
3.254067584480600850e+00 9.433427823077465968e-01
3.379224030037546900e+00 9.434213738895150803e-01
3.504380475594493394e+00 9.443426783352563136e-01
3.629536921151439444e+00 9.442379447184422459e-01
3.754693366708385494e+00 9.443390414212404771e-01
3.879849812265331988e+00 9.438753044691542415e-01
4.005006257822278037e+00 9.433190145475757182e-01
4.130162703379224531e+00 9.435680347593051742e-01
4.255319148936170137e+00 9.436371748536899196e-01
4.380475594493116631e+00 9.431409952287813647e-01
4.505632040050063125e+00 9.442879827952399552e-01
4.630788485607008731e+00 9.435414558704773302e-01
4.755944931163955225e+00 9.428945908792164543e-01
4.881101376720901719e+00 9.429934882071860924e-01
5.006257822277847325e+00 9.436813952505315184e-01
5.131414267834793819e+00 9.441586621559103776e-01
5.256570713391740313e+00 9.430138887464978303e-01
5.381727158948685918e+00 9.434112673303011176e-01
5.506883604505632412e+00 9.441433295299976880e-01
5.632040050062578906e+00 9.441383954839269732e-01
5.757196495619524512e+00 9.434527063789052148e-01
5.882352941176471006e+00 9.439004022847566899e-01
6.007509386733417500e+00 9.442412569236056097e-01
6.132665832290363106e+00 9.441569196966296262e-01
6.257822277847309600e+00 9.426933800623744641e-01
6.382978723404255206e+00 9.443524597286664379e-01
6.508135168961201700e+00 9.440819241510811644e-01
6.633291614518148194e+00 9.438314265268549219e-01
6.758448060075093800e+00 9.441557680019874166e-01
6.883604505632040294e+00 9.434508505382894761e-01
7.008760951188986787e+00 9.433220460524397444e-01
7.133917396745932393e+00 9.437533529916606323e-01
7.259073842302878887e+00 9.429259864549004444e-01
7.384230287859825381e+00 9.438664337256480463e-01
7.509386733416770987e+00 9.438044455226669571e-01
7.634543178973717481e+00 9.442901373045885505e-01
7.759699624530663975e+00 9.441412215338188529e-01
7.884856070087609581e+00 9.441158267684209848e-01
8.010012515644556075e+00 9.433108750363619066e-01
8.135168961201502569e+00 9.441758798203723213e-01
8.260325406758449063e+00 9.442844588844412357e-01
8.385481852315393780e+00 9.442877604675100622e-01
8.510638297872340274e+00 9.439337294335953255e-01
8.635794743429286768e+00 9.437845516798030188e-01
8.760951188986233262e+00 9.433259703725749290e-01
8.886107634543179756e+00 9.429116700569440956e-01
9.011264080100126250e+00 9.439994785788903275e-01
9.136420525657070968e+00 9.434566595369131559e-01
9.261576971214017462e+00 9.440985902828888943e-01
9.386733416770963956e+00 9.426252394032850201e-01
9.511889862327910450e+00 9.436511559514008107e-01
9.637046307884856944e+00 9.443460268549147552e-01
9.762202753441803438e+00 9.438759957632287811e-01
9.887359198998748155e+00 9.440941203680780491e-01
1.001251564455569465e+01 9.432389551036146624e-01
1.013767209011264114e+01 9.441793844318786544e-01
1.026282853566958764e+01 9.442889510053319446e-01
1.038798498122653413e+01 9.439779173481454011e-01
1.051314142678348063e+01 9.436485725538649172e-01
1.063829787234042534e+01 9.438999935640858263e-01
1.076345431789737184e+01 9.440884966988940530e-01
1.088861076345431833e+01 9.439430093637733998e-01
1.101376720901126482e+01 9.440306334925215870e-01
1.113892365456821132e+01 9.435390004694920174e-01
1.126408010012515781e+01 9.436166396770424569e-01
1.138923654568210253e+01 9.439443119787828129e-01
1.151439299123904902e+01 9.431502589906468614e-01
1.163954943679599552e+01 9.441727972089778431e-01
1.176470588235294201e+01 9.439679979278221555e-01
1.188986232790988851e+01 9.427184214273475193e-01
1.201501877346683500e+01 9.439396588455593040e-01
1.214017521902377972e+01 9.435395054484007060e-01
1.226533166458072621e+01 9.440798418922496937e-01
1.239048811013767271e+01 9.439380471078225865e-01
1.251564455569461920e+01 9.432298129448039026e-01
1.264080100125156569e+01 9.429015328352635672e-01
1.276595744680851041e+01 9.437473596379826191e-01
1.289111389236545691e+01 9.442661678359287603e-01
1.301627033792240340e+01 9.435087438554634609e-01
1.314142678347934989e+01 9.430685895596252477e-01
1.326658322903629639e+01 9.431279696401779766e-01
1.339173967459324288e+01 9.441155828677200157e-01
1.351689612015018760e+01 9.427304778017273623e-01
1.364205256570713409e+01 9.437287062964705431e-01
1.376720901126408059e+01 9.440973667544475534e-01
1.389236545682102708e+01 9.429800116755927553e-01
1.401752190237797357e+01 9.436574020383521333e-01
1.414267834793492007e+01 9.441388368581733470e-01
1.426783479349186479e+01 9.437653187849016634e-01
1.439299123904881128e+01 9.439609906613685153e-01
1.451814768460575777e+01 9.439807184087258829e-01
1.464330413016270427e+01 9.439991838642091126e-01
1.476846057571965076e+01 9.432520876668432086e-01
1.489361702127659726e+01 9.441422636265944801e-01
1.501877346683354197e+01 9.441944985826240533e-01
1.514392991239048847e+01 9.443031422724285084e-01
1.526908635794743496e+01 9.442282843258994474e-01
1.539424280350438146e+01 9.443292238708412834e-01
1.551939924906132795e+01 9.439990048250578303e-01
1.564455569461827444e+01 9.431457225131226751e-01
1.576971214017521916e+01 9.431971699789871710e-01
1.589486858573216566e+01 9.443042396920572346e-01
1.602002503128911215e+01 9.439307326640299367e-01
1.614518147684605864e+01 9.431116122659716217e-01
1.627033792240300514e+01 9.433800612550219400e-01
1.639549436795995163e+01 9.441217484962765027e-01
1.652065081351689813e+01 9.439735680218948044e-01
1.664580725907384462e+01 9.443526325711636416e-01
1.677096370463078756e+01 9.438516230727231893e-01
1.689612015018773405e+01 9.443345785578278750e-01
1.702127659574468055e+01 9.442428964108222633e-01
1.714643304130162704e+01 9.440598323959781268e-01
1.727158948685857354e+01 9.435486040908852567e-01
1.739674593241552003e+01 9.442535926562061199e-01
1.752190237797246652e+01 9.441509171592655791e-01
1.764705882352941302e+01 9.440845206566770287e-01
1.777221526908635951e+01 9.438817737297536814e-01
1.789737171464330601e+01 9.442160584446062099e-01
1.802252816020025250e+01 9.442903847158953257e-01
1.814768460575719899e+01 9.441442182362917990e-01
1.827284105131414194e+01 9.434858492958662080e-01
1.839799749687108843e+01 9.438106234770348157e-01
1.852315394242803492e+01 9.441838840333081073e-01
1.864831038798498142e+01 9.440739833605666931e-01
1.877346683354192791e+01 9.438612963712381676e-01
1.889862327909887441e+01 9.441754040445609064e-01
1.902377972465582090e+01 9.442543181241306316e-01
1.914893617021276739e+01 9.438259960787604985e-01
1.927409261576971389e+01 9.436458134467211600e-01
1.939924906132666038e+01 9.440404057072216970e-01
1.952440550688360688e+01 9.439780459441994287e-01
1.964956195244055337e+01 9.441135834787787173e-01
1.977471839799749631e+01 9.438113440203005355e-01
1.989987484355444280e+01 9.436909620845793656e-01
2.002503128911138930e+01 9.438764201758176320e-01
2.015018773466833579e+01 9.441461829024064834e-01
2.027534418022528229e+01 9.441616966744331707e-01
2.040050062578222878e+01 9.443369922066423561e-01
2.052565707133917527e+01 9.440916743638220199e-01
2.065081351689612177e+01 9.441369530099164020e-01
2.077596996245306826e+01 9.430069940929998173e-01
2.090112640801001476e+01 9.441588176007289501e-01
2.102628285356696125e+01 9.440646605612811326e-01
2.115143929912390419e+01 9.439276373686941168e-01
2.127659574468085069e+01 9.439935158371705048e-01
2.140175219023779718e+01 9.440844554264726796e-01
2.152690863579474367e+01 9.440684346943878369e-01
2.165206508135169017e+01 9.433986595061626401e-01
2.177722152690863666e+01 9.440659845813108575e-01
2.190237797246558316e+01 9.433729441617435540e-01
2.202753441802252965e+01 9.435068652419035251e-01
2.215269086357947614e+01 9.440041076438888679e-01
2.227784730913642264e+01 9.442257473532708056e-01
2.240300375469336913e+01 9.437981098094558874e-01
2.252816020025031563e+01 9.443453705329908354e-01
2.265331664580725857e+01 9.438873265811410507e-01
2.277847309136420506e+01 9.438463776690210194e-01
2.290362953692115155e+01 9.424876622846976026e-01
2.302878598247809805e+01 9.426624225387210121e-01
2.315394242803504454e+01 9.433583220654369050e-01
2.327909887359199104e+01 9.441120376512792678e-01
2.340425531914893753e+01 9.439799438248619445e-01
2.352941176470588402e+01 9.434672047476637680e-01
2.365456821026283052e+01 9.428523816466640728e-01
2.377972465581977701e+01 9.441659119935738032e-01
2.390488110137672351e+01 9.441598579894947552e-01
2.403003754693367000e+01 9.438314587891714069e-01
2.415519399249061294e+01 9.441648016765454843e-01
2.428035043804755944e+01 9.443095205116059931e-01
2.440550688360450593e+01 9.443180779138243830e-01
2.453066332916145242e+01 9.443494212158912715e-01
2.465581977471839892e+01 9.434063174743752000e-01
2.478097622027534541e+01 9.441081759654327277e-01
2.490613266583229191e+01 9.440965670182475122e-01
2.503128911138923840e+01 9.438939280019240652e-01
2.515644555694618489e+01 9.431090112751728816e-01
2.528160200250313139e+01 9.432016233343418765e-01
2.540675844806007788e+01 9.440742498809986394e-01
2.553191489361702082e+01 9.440338155264987874e-01
2.565707133917396732e+01 9.441303785265042769e-01
2.578222778473091381e+01 9.440898887218364122e-01
2.590738423028786030e+01 9.442675609952275728e-01
2.603254067584480680e+01 9.428892648668145693e-01
2.615769712140175329e+01 9.438523763972924696e-01
2.628285356695869979e+01 9.437996637306560466e-01
2.640801001251564628e+01 9.435849164734393391e-01
2.653316645807259277e+01 9.435952817676254156e-01
2.665832290362953927e+01 9.430626281818075274e-01
2.678347934918648576e+01 9.441592075330766942e-01
2.690863579474343226e+01 9.443151361006659750e-01
2.703379224030037520e+01 9.443167552740507897e-01
2.715894868585732169e+01 9.443449997925517092e-01
2.728410513141426819e+01 9.441626203443141963e-01
2.740926157697121468e+01 9.442204244793976908e-01
2.753441802252816117e+01 9.443505736363260183e-01
2.765957446808510767e+01 9.441391661892847287e-01
2.778473091364205416e+01 9.438741963945722624e-01
2.790988735919900066e+01 9.439211554345607880e-01
2.803504380475594715e+01 9.440436534699986337e-01
2.816020025031289364e+01 9.440191105624101686e-01
2.828535669586984014e+01 9.442958932828584562e-01
2.841051314142678308e+01 9.432913608201727307e-01
2.853566958698372957e+01 9.442711218707194876e-01
2.866082603254067607e+01 9.436835990559462317e-01
2.878598247809762256e+01 9.441456215139067965e-01
2.891113892365456906e+01 9.442651362114011793e-01
2.903629536921151555e+01 9.442400848788075063e-01
2.916145181476846204e+01 9.438467612019575403e-01
2.928660826032540854e+01 9.433354006521308399e-01
2.941176470588235503e+01 9.438263508279650660e-01
2.953692115143930152e+01 9.440896339074870136e-01
2.966207759699624802e+01 9.440177441966146610e-01
2.978723404255319451e+01 9.442039024992485707e-01
2.991239048811013745e+01 9.439377726061407570e-01
3.003754693366708395e+01 9.429324018769748017e-01
3.016270337922403044e+01 9.442105231648336705e-01
3.028785982478097694e+01 9.440789153416438984e-01
3.041301627033792343e+01 9.426749278332516857e-01
3.053817271589486992e+01 9.429915666071517766e-01
3.066332916145181642e+01 9.439871902066726550e-01
3.078848560700876291e+01 9.435728220506957031e-01
3.091364205256570941e+01 9.431392837242679184e-01
3.103879849812265590e+01 9.434368250884366258e-01
3.116395494367960239e+01 9.439543825559114643e-01
3.128911138923654889e+01 9.437871431355306928e-01
3.141426783479349183e+01 9.440689866299086797e-01
3.153942428035043832e+01 9.442385030714435246e-01
3.166458072590738482e+01 9.427313382366238059e-01
3.178973717146433131e+01 9.437777884024594055e-01
3.191489361702127781e+01 9.429117126958517225e-01
3.204005006257822430e+01 9.442290673573353610e-01
3.216520650813517079e+01 9.435320042167796295e-01
3.229036295369211729e+01 9.433690902951981094e-01
3.241551939924906378e+01 9.428240739159312600e-01
3.254067584480601028e+01 9.442468737986662308e-01
3.266583229036295677e+01 9.442859227818822809e-01
3.279098873591990326e+01 9.438457025216365759e-01
3.291614518147684976e+01 9.438020613618467447e-01
3.304130162703379625e+01 9.427866559489697096e-01
3.316645807259074274e+01 9.443114270775326835e-01
3.329161451814768924e+01 9.443018967813763265e-01
3.341677096370463573e+01 9.437626602213974314e-01
3.354192740926157512e+01 9.439129768607612547e-01
3.366708385481852162e+01 9.439377982832531933e-01
3.379224030037546811e+01 9.443442816251086391e-01
3.391739674593241460e+01 9.440555805448461735e-01
3.404255319148936110e+01 9.431485655778999444e-01
3.416770963704630759e+01 9.440349405863440735e-01
3.429286608260325409e+01 9.434731638464244341e-01
3.441802252816020058e+01 9.442070929185105710e-01
3.454317897371714707e+01 9.439283451915693179e-01
3.466833541927409357e+01 9.443269205872162342e-01
3.479349186483104006e+01 9.439428825639655241e-01
3.491864831038798656e+01 9.441207377917004706e-01
3.504380475594493305e+01 9.437564786204475364e-01
3.516896120150187954e+01 9.442394056763609989e-01
3.529411764705882604e+01 9.441744858392693285e-01
3.541927409261577253e+01 9.432284822123826462e-01
3.554443053817271903e+01 9.439289643270170060e-01
3.566958698372966552e+01 9.443152995996012544e-01
3.579474342928661201e+01 9.429885905362269671e-01
3.591989987484355851e+01 9.438827868203527593e-01
3.604505632040050500e+01 9.437451878580820352e-01
3.617021276595745150e+01 9.441773519817604488e-01
3.629536921151439799e+01 9.437208943163859498e-01
3.642052565707133738e+01 9.442264836541860440e-01
3.654568210262828387e+01 9.443386101895083762e-01
3.667083854818523037e+01 9.439875155527884809e-01
3.679599499374217686e+01 9.440319951572102575e-01
3.692115143929912335e+01 9.427682289677700167e-01
3.704630788485606985e+01 9.441159407776318346e-01
3.717146433041301634e+01 9.438886127935924852e-01
3.729662077596996284e+01 9.440002169327674775e-01
3.742177722152690933e+01 9.432231805513119349e-01
3.754693366708385582e+01 9.439469209617912249e-01
3.767209011264080232e+01 9.441821085957982085e-01
3.779724655819774881e+01 9.441768196049612483e-01
3.792240300375469531e+01 9.430786955693041262e-01
3.804755944931164180e+01 9.436804901639168630e-01
3.817271589486858829e+01 9.428743645746666679e-01
3.829787234042553479e+01 9.436871025208634078e-01
3.842302878598248128e+01 9.442870972707559929e-01
3.854818523153942778e+01 9.439914345602852253e-01
3.867334167709637427e+01 9.436970706884835192e-01
3.879849812265332076e+01 9.441596649022808707e-01
3.892365456821026726e+01 9.432387562605234477e-01
3.904881101376721375e+01 9.432062620078063286e-01
3.917396745932416025e+01 9.443470974724075262e-01
3.929912390488110674e+01 9.440937067771849600e-01
3.942428035043804613e+01 9.437407704577419620e-01
3.954943679599499262e+01 9.439927255941292783e-01
3.967459324155193912e+01 9.433680492905963666e-01
3.979974968710888561e+01 9.435460349409454661e-01
3.992490613266583210e+01 9.438140218526192005e-01
4.005006257822277860e+01 9.442661180692303313e-01
4.017521902377972509e+01 9.435821183507414611e-01
4.030037546933667159e+01 9.441960985931115991e-01
4.042553191489361808e+01 9.440829481122779976e-01
4.055068836045056457e+01 9.425242925263268567e-01
4.067584480600751107e+01 9.432831642399173155e-01
4.080100125156445756e+01 9.433960665038791937e-01
4.092615769712140406e+01 9.441752345525429302e-01
4.105131414267835055e+01 9.443453197892645035e-01
4.117647058823529704e+01 9.439723035357352465e-01
4.130162703379224354e+01 9.428993852356630789e-01
4.142678347934919003e+01 9.441802912624368549e-01
4.155193992490613653e+01 9.433337595626449801e-01
4.167709637046308302e+01 9.441701088436783573e-01
4.180225281602002951e+01 9.441067218705637698e-01
4.192740926157697601e+01 9.438494054933800337e-01
4.205256570713392250e+01 9.432133226815136995e-01
4.217772215269086900e+01 9.440823089218441933e-01
4.230287859824780838e+01 9.441692236814599459e-01
4.242803504380475488e+01 9.431135531368156633e-01
4.255319148936170137e+01 9.442001061441785970e-01
4.267834793491864787e+01 9.434255424058310968e-01
4.280350438047559436e+01 9.442504286734281216e-01
4.292866082603254085e+01 9.442987217970550962e-01
4.305381727158948735e+01 9.443213669953384182e-01
4.317897371714643384e+01 9.439570126320743215e-01
4.330413016270338034e+01 9.434976199120818086e-01
4.342928660826032683e+01 9.442528867699117034e-01
4.355444305381727332e+01 9.430085074471279416e-01
4.367959949937421982e+01 9.428463300094448440e-01
4.380475594493116631e+01 9.425797584409366658e-01
4.392991239048811281e+01 9.434742618168404649e-01
4.405506883604505930e+01 9.440420372323505838e-01
4.418022528160200579e+01 9.434632899371605541e-01
4.430538172715895229e+01 9.441245573940653113e-01
4.443053817271589878e+01 9.437261079691424692e-01
4.455569461827284528e+01 9.440946458459296142e-01
4.468085106382979177e+01 9.440544813456995810e-01
4.480600750938673826e+01 9.440187654943433815e-01
4.493116395494368476e+01 9.441541415375965807e-01
4.505632040050063125e+01 9.440243894688848947e-01
4.518147684605757064e+01 9.436108532469345000e-01
4.530663329161451713e+01 9.439863309938246738e-01
4.543178973717146363e+01 9.442120548759372900e-01
4.555694618272841012e+01 9.440549985533802646e-01
4.568210262828535662e+01 9.443206051560596448e-01
4.580725907384230311e+01 9.442245403278783922e-01
4.593241551939924960e+01 9.440306294972861112e-01
4.605757196495619610e+01 9.442297547723415008e-01
4.618272841051314259e+01 9.441630876635446201e-01
4.630788485607008909e+01 9.438548683702636666e-01
4.643304130162703558e+01 9.441100563476196861e-01
4.655819774718398207e+01 9.438077208339916702e-01
4.668335419274092857e+01 9.433433817461034376e-01
4.680851063829787506e+01 9.442884860125965174e-01
4.693366708385482156e+01 9.442214012781415811e-01
4.705882352941176805e+01 9.430809035602125689e-01
4.718397997496871454e+01 9.436487762365045606e-01
4.730913642052566104e+01 9.435099813575541505e-01
4.743429286608260753e+01 9.432311539020680202e-01
4.755944931163955403e+01 9.428705654867483021e-01
4.768460575719650052e+01 9.439536310403935371e-01
4.780976220275344701e+01 9.435005645635856641e-01
4.793491864831039351e+01 9.436759004306932708e-01
4.806007509386734000e+01 9.439606361101804399e-01
4.818523153942427939e+01 9.438983401445918409e-01
4.831038798498122588e+01 9.432256401357522746e-01
4.843554443053817238e+01 9.439687301991934731e-01
4.856070087609511887e+01 9.440830498925283365e-01
4.868585732165206537e+01 9.427726401097552555e-01
4.881101376720901186e+01 9.440847341623557210e-01
4.893617021276595835e+01 9.440764509893158074e-01
4.906132665832290485e+01 9.440826111334476023e-01
4.918648310387985134e+01 9.425205345452514205e-01
4.931163954943679784e+01 9.441809190204367708e-01
4.943679599499374433e+01 9.440297339925848297e-01
4.956195244055069082e+01 9.442978044225666112e-01
4.968710888610763732e+01 9.439693682418442977e-01
4.981226533166458381e+01 9.439355131326846449e-01
4.993742177722153031e+01 9.441004051219200610e-01
5.006257822277847680e+01 9.440488225297892777e-01
5.018773466833542329e+01 9.441473904157349217e-01
5.031289111389236979e+01 9.433384033809043556e-01
5.043804755944931628e+01 9.427421392916718323e-01
5.056320400500626278e+01 9.442681798739500643e-01
5.068836045056320927e+01 9.443347792170211363e-01
5.081351689612015576e+01 9.440899045793929023e-01
5.093867334167710226e+01 9.440580639551691133e-01
5.106382978723404165e+01 9.433279228630281343e-01
5.118898623279098814e+01 9.442161936021862267e-01
5.131414267834793463e+01 9.440465547131939861e-01
5.143929912390488113e+01 9.439854674670526968e-01
5.156445556946182762e+01 9.436109866976961635e-01
5.168961201501877412e+01 9.440952715540900098e-01
5.181476846057572061e+01 9.437710532070436864e-01
5.193992490613266710e+01 9.433867116421688070e-01
5.206508135168961360e+01 9.440738591395927415e-01
5.219023779724656009e+01 9.436235234457789334e-01
5.231539424280350659e+01 9.440638265079530633e-01
5.244055068836045308e+01 9.436856684101484483e-01
5.256570713391739957e+01 9.427371976354333993e-01
5.269086357947434607e+01 9.441081918193303668e-01
5.281602002503129256e+01 9.431230306684874609e-01
5.294117647058823906e+01 9.433425582898811168e-01
5.306633291614518555e+01 9.436058642149266484e-01
5.319148936170213204e+01 9.440338042920031203e-01
5.331664580725907854e+01 9.431153209497240564e-01
5.344180225281602503e+01 9.433459055775204050e-01
5.356695869837297153e+01 9.441586410686617636e-01
5.369211514392991802e+01 9.433700733895998836e-01
5.381727158948686451e+01 9.430459499460435158e-01
5.394242803504380390e+01 9.438958798078360690e-01
5.406758448060075040e+01 9.425496590076359871e-01
5.419274092615769689e+01 9.435754774293123592e-01
5.431789737171464338e+01 9.440818667122000685e-01
5.444305381727158988e+01 9.433860600164275523e-01
5.456821026282853637e+01 9.441438547291586270e-01
5.469336670838548287e+01 9.440063004245506928e-01
5.481852315394242936e+01 9.442770289561133179e-01
5.494367959949937585e+01 9.441044365949646799e-01
5.506883604505632235e+01 9.441140545013009255e-01
5.519399249061326884e+01 9.440292640726903883e-01
5.531914893617021534e+01 9.441590742511272172e-01
5.544430538172716183e+01 9.441244001798902996e-01
5.556946182728410832e+01 9.435067451011697193e-01
5.569461827284105482e+01 9.439976338001143663e-01
5.581977471839800131e+01 9.429341433942821649e-01
5.594493116395494781e+01 9.438089350355847174e-01
5.607008760951189430e+01 9.441453362993509346e-01
5.619524405506884079e+01 9.431386609584251346e-01
5.632040050062578729e+01 9.440826344361099576e-01
5.644555694618273378e+01 9.439688715838234767e-01
5.657071339173968028e+01 9.430250120818592929e-01
5.669586983729662677e+01 9.441258655859254834e-01
5.682102628285356616e+01 9.440132284800720752e-01
5.694618272841051265e+01 9.443227615729575808e-01
5.707133917396745915e+01 9.440103553050276375e-01
5.719649561952440564e+01 9.440736096103651276e-01
5.732165206508135213e+01 9.423994509308860623e-01
5.744680851063829863e+01 9.433383675660965695e-01
5.757196495619524512e+01 9.440415089768037227e-01
5.769712140175219162e+01 9.431381690089997161e-01
5.782227784730913811e+01 9.429332792093685356e-01
5.794743429286608460e+01 9.439336856176334667e-01
5.807259073842303110e+01 9.440087435555143403e-01
5.819774718397997759e+01 9.435479652203309087e-01
5.832290362953692409e+01 9.443130770256364936e-01
5.844806007509387058e+01 9.440537293951305475e-01
5.857321652065081707e+01 9.435821847261403050e-01
5.869837296620776357e+01 9.434799810369350892e-01
5.882352941176471006e+01 9.437509138038172596e-01
5.894868585732165656e+01 9.429786248067097976e-01
5.907384230287860305e+01 9.439046617346031898e-01
5.919899874843554954e+01 9.442373133841915900e-01
5.932415519399249604e+01 9.441458195250800323e-01
5.944931163954944253e+01 9.442615889219003744e-01
5.957446808510638903e+01 9.439093660279178621e-01
5.969962453066333552e+01 9.441901656668391096e-01
5.982478097622027491e+01 9.441994749038841173e-01
5.994993742177722140e+01 9.443401244606012268e-01
6.007509386733416790e+01 9.439184109346916429e-01
6.020025031289111439e+01 9.442112405985956247e-01
6.032540675844806088e+01 9.439187716112832360e-01
6.045056320400500738e+01 9.434539611626623357e-01
6.057571964956195387e+01 9.439970442145662055e-01
6.070087609511890037e+01 9.430013812596765854e-01
6.082603254067584686e+01 9.440555827883144735e-01
6.095118898623279335e+01 9.441019519332375376e-01
6.107634543178973985e+01 9.429043344287402206e-01
6.120150187734668634e+01 9.441365516439260697e-01
6.132665832290363284e+01 9.437762677043116666e-01
6.145181476846057933e+01 9.438497407530678229e-01
6.157697121401752582e+01 9.437914430354650275e-01
6.170212765957447232e+01 9.442509296656714790e-01
6.182728410513141881e+01 9.435500969350595346e-01
6.195244055068836531e+01 9.426595865203521996e-01
6.207759699624531180e+01 9.440676479058500714e-01
6.220275344180225829e+01 9.442407721885422989e-01
6.232790988735920479e+01 9.441344521352623698e-01
6.245306633291615128e+01 9.441426126136635011e-01
6.257822277847309778e+01 9.434304546978462547e-01
6.270337922403003716e+01 9.433692374022598637e-01
6.282853566958698366e+01 9.436225397940994908e-01
6.295369211514393015e+01 9.439025752529730529e-01
6.307884856070087665e+01 9.432330209193957593e-01
6.320400500625782314e+01 9.441305543610466477e-01
6.332916145181476963e+01 9.434315285964406383e-01
6.345431789737171613e+01 9.441241198767981180e-01
6.357947434292866262e+01 9.438307819419387013e-01
6.370463078848560912e+01 9.430061834249949815e-01
6.382978723404255561e+01 9.436367323176040323e-01
6.395494367959950210e+01 9.428139237841499654e-01
6.408010012515644860e+01 9.431490999668742381e-01
6.420525657071338799e+01 9.439175285912958513e-01
6.433041301627034159e+01 9.439879900377968758e-01
6.445556946182728097e+01 9.441226835140934526e-01
6.458072590738423457e+01 9.441757563561262723e-01
6.470588235294117396e+01 9.433258581688759303e-01
6.483103879849812756e+01 9.442495233048886494e-01
6.495619524405506695e+01 9.440279851627644270e-01
6.508135168961202055e+01 9.443026780134557985e-01
6.520650813516895994e+01 9.428988942126398376e-01
6.533166458072591354e+01 9.438679494227076860e-01
6.545682102628285293e+01 9.442422615888517168e-01
6.558197747183980653e+01 9.430106220759472135e-01
6.570713391739674591e+01 9.440588992491371068e-01
6.583229036295369951e+01 9.436215238551866058e-01
6.595744680851063890e+01 9.443408574725090654e-01
6.608260325406759250e+01 9.443200581941308958e-01
6.620775969962453189e+01 9.439609914580484595e-01
6.633291614518148549e+01 9.433083655878756746e-01
6.645807259073842488e+01 9.434578595573049897e-01
6.658322903629537848e+01 9.439008477266420671e-01
6.670838548185231787e+01 9.432538796075354837e-01
6.683354192740927147e+01 9.435966270835379754e-01
6.695869837296621085e+01 9.439795829164466801e-01
6.708385481852315024e+01 9.440807633887042805e-01
6.720901126408010384e+01 9.442589211146363848e-01
6.733416770963704323e+01 9.437480466329936091e-01
6.745932415519399683e+01 9.434299452183537715e-01
6.758448060075093622e+01 9.440646840838883280e-01
6.770963704630788982e+01 9.431523089877914545e-01
6.783479349186482921e+01 9.438404977358260117e-01
6.795994993742178281e+01 9.443362189085152680e-01
6.808510638297872219e+01 9.440629569735886628e-01
6.821026282853567579e+01 9.441050512737815259e-01
6.833541927409261518e+01 9.440831168484806746e-01
6.846057571964956878e+01 9.435561292840722869e-01
6.858573216520650817e+01 9.440162941468939195e-01
6.871088861076346177e+01 9.440757656859827263e-01
6.883604505632040116e+01 9.442231911583345294e-01
6.896120150187735476e+01 9.434702282911844318e-01
6.908635794743429415e+01 9.428029302229608000e-01
6.921151439299124775e+01 9.438672360502885494e-01
6.933667083854818713e+01 9.439554209306011412e-01
6.946182728410514073e+01 9.435069024147184624e-01
6.958698372966208012e+01 9.442412773262617298e-01
6.971214017521903372e+01 9.435827357088163447e-01
6.983729662077597311e+01 9.433654957450662293e-01
6.996245306633291250e+01 9.439118004332850420e-01
7.008760951188986610e+01 9.429077051485487138e-01
7.021276595744680549e+01 9.435355772281218689e-01
7.033792240300375909e+01 9.440767569262702441e-01
7.046307884856069848e+01 9.432567236757801732e-01
7.058823529411765207e+01 9.443037391694218963e-01
7.071339173967459146e+01 9.441071409108395818e-01
7.083854818523154506e+01 9.442506605516379770e-01
7.096370463078848445e+01 9.433573812158273508e-01
7.108886107634543805e+01 9.438936929891719174e-01
7.121401752190237744e+01 9.440640036490262066e-01
7.133917396745933104e+01 9.439390033643927369e-01
7.146433041301627043e+01 9.440749931384952998e-01
7.158948685857322403e+01 9.436777112128690304e-01
7.171464330413016341e+01 9.437619985114621413e-01
7.183979974968711701e+01 9.441549095212453668e-01
7.196495619524405640e+01 9.442274271314707867e-01
7.209011264080101000e+01 9.440021830023298532e-01
7.221526908635794939e+01 9.437434260533275054e-01
7.234042553191490299e+01 9.438958626252011985e-01
7.246558197747184238e+01 9.433081916850172277e-01
7.259073842302879598e+01 9.439795247666942224e-01
7.271589486858573537e+01 9.435617692661800726e-01
7.284105131414267476e+01 9.439023096131387014e-01
7.296620775969962835e+01 9.440150253319776752e-01
7.309136420525656774e+01 9.443181244191085622e-01
7.321652065081352134e+01 9.438328549256673750e-01
7.334167709637046073e+01 9.439284986477408657e-01
7.346683354192741433e+01 9.441576592962611647e-01
7.359198998748435372e+01 9.440791762093481143e-01
7.371714643304130732e+01 9.437549595072711739e-01
7.384230287859824671e+01 9.442190619981070121e-01
7.396745932415520031e+01 9.440104285826799169e-01
7.409261576971213970e+01 9.439550068728929100e-01
7.421777221526909329e+01 9.440910135922614410e-01
7.434292866082603268e+01 9.442503029296683836e-01
7.446808510638298628e+01 9.442262553489797483e-01
7.459324155193992567e+01 9.440445095439223833e-01
7.471839799749687927e+01 9.438119615926876538e-01
7.484355444305381866e+01 9.437279877707279718e-01
7.496871088861077226e+01 9.434847536558857994e-01
7.509386733416771165e+01 9.437437822554772815e-01
7.521902377972466525e+01 9.429812100542851461e-01
7.534418022528160463e+01 9.438294134872358132e-01
7.546933667083855823e+01 9.435061080186863958e-01
7.559449311639549762e+01 9.441091890388173535e-01
7.571964956195245122e+01 9.439391394309716299e-01
7.584480600750939061e+01 9.435171199190064417e-01
7.596996245306633000e+01 9.437000053412841760e-01
7.609511889862328360e+01 9.442351825858523728e-01
7.622027534418022299e+01 9.442415068865297467e-01
7.634543178973717659e+01 9.440009918667535693e-01
7.647058823529411598e+01 9.442114732995096071e-01
7.659574468085106957e+01 9.441698738876387331e-01
7.672090112640800896e+01 9.435818200640233577e-01
7.684605757196496256e+01 9.439154893499707155e-01
7.697121401752190195e+01 9.432035937802022429e-01
7.709637046307885555e+01 9.440858637634461648e-01
7.722152690863579494e+01 9.439564342057015223e-01
7.734668335419274854e+01 9.440712689591931328e-01
7.747183979974968793e+01 9.428804150207363843e-01
7.759699624530664153e+01 9.438950624852316951e-01
7.772215269086358091e+01 9.439238649356943567e-01
7.784730913642053451e+01 9.442474112495162775e-01
7.797246558197747390e+01 9.441687987301160545e-01
7.809762202753442750e+01 9.434068624704535777e-01
7.822277847309136689e+01 9.440053955251459517e-01
7.834793491864832049e+01 9.436446958179915967e-01
7.847309136420525988e+01 9.440484893992350246e-01
7.859824780976221348e+01 9.426525512855906674e-01
7.872340425531915287e+01 9.440864552035963531e-01
7.884856070087609226e+01 9.442909546988744740e-01
7.897371714643304585e+01 9.442619845120397981e-01
7.909887359198998524e+01 9.434140627331008000e-01
7.922403003754693884e+01 9.434192138231677349e-01
7.934918648310387823e+01 9.443091409753233689e-01
7.947434292866083183e+01 9.440104153503322548e-01
7.959949937421777122e+01 9.436446921911542107e-01
7.972465581977472482e+01 9.439484455260525042e-01
7.984981226533166421e+01 9.442033390324684472e-01
7.997496871088861781e+01 9.443320709525439005e-01
8.010012515644555720e+01 9.435948525974806600e-01
8.022528160200251079e+01 9.442288851259144078e-01
8.035043804755945018e+01 9.439807539488930255e-01
8.047559449311640378e+01 9.428989692755587182e-01
8.060075093867334317e+01 9.440062302874371314e-01
8.072590738423029677e+01 9.436308507764360476e-01
8.085106382978723616e+01 9.428092682993934881e-01
8.097622027534418976e+01 9.440443937630462745e-01
8.110137672090112915e+01 9.442594724015722640e-01
8.122653316645808275e+01 9.437699724794863521e-01
8.135168961201502213e+01 9.441584765923863865e-01
8.147684605757197573e+01 9.438519807579682785e-01
8.160200250312891512e+01 9.439173157892776223e-01
8.172715894868585451e+01 9.428593008132248876e-01
8.185231539424280811e+01 9.441186870244413498e-01
8.197747183979974750e+01 9.438389571146119650e-01
8.210262828535670110e+01 9.433403031879696865e-01
8.222778473091364049e+01 9.437877389964181019e-01
8.235294117647059409e+01 9.440220912323022961e-01
8.247809762202753348e+01 9.437927223933830767e-01
8.260325406758448707e+01 9.441415734921697611e-01
8.272841051314142646e+01 9.441398654266934809e-01
8.285356695869838006e+01 9.436865647085783682e-01
8.297872340425531945e+01 9.433307577574683300e-01
8.310387984981227305e+01 9.443442595119528882e-01
8.322903629536921244e+01 9.429660862087905215e-01
8.335419274092616604e+01 9.440764021482314083e-01
8.347934918648310543e+01 9.442145107769008838e-01
8.360450563204005903e+01 9.443364230647534052e-01
8.372966207759699842e+01 9.439389203170980291e-01
8.385481852315395201e+01 9.431291721636888559e-01
8.397997496871089140e+01 9.439280085479426763e-01
8.410513141426784500e+01 9.438130992660871410e-01
8.423028785982478439e+01 9.440347613608929267e-01
8.435544430538173799e+01 9.439110050112820005e-01
8.448060075093867738e+01 9.442940162080413202e-01
8.460575719649561677e+01 9.436520774587968674e-01
8.473091364205257037e+01 9.441842235468297373e-01
8.485607008760950976e+01 9.440740045061591923e-01
8.498122653316646335e+01 9.441666606771514925e-01
8.510638297872340274e+01 9.429515140182934685e-01
8.523153942428035634e+01 9.438963033644739431e-01
8.535669586983729573e+01 9.443442501203990203e-01
8.548185231539424933e+01 9.425626481630330344e-01
8.560700876095118872e+01 9.437851637516518899e-01
8.573216520650814232e+01 9.441615713245902208e-01
8.585732165206508171e+01 9.441112653536783972e-01
8.598247809762203531e+01 9.435734120818197734e-01
8.610763454317897470e+01 9.441402316844884623e-01
8.623279098873592829e+01 9.439634870598655469e-01
8.635794743429286768e+01 9.441093021466455681e-01
8.648310387984982128e+01 9.441920335462199443e-01
8.660826032540676067e+01 9.442314690720896575e-01
8.673341677096371427e+01 9.434949840891118100e-01
8.685857321652065366e+01 9.428342310453498021e-01
8.698372966207760726e+01 9.439874590342087757e-01
8.710888610763454665e+01 9.437148608467459399e-01
8.723404255319150025e+01 9.441752447890757738e-01
8.735919899874843964e+01 9.435845472997643757e-01
8.748435544430537902e+01 9.431826854460609866e-01
8.760951188986233262e+01 9.432155665092306629e-01
8.773466833541927201e+01 9.442118630940146140e-01
8.785982478097622561e+01 9.440702543985896034e-01
8.798498122653316500e+01 9.433934394298474357e-01
8.811013767209011860e+01 9.439784002117177497e-01
8.823529411764705799e+01 9.433314504629867203e-01
8.836045056320401159e+01 9.439497360732288511e-01
8.848560700876095098e+01 9.426666951206349454e-01
8.861076345431790457e+01 9.441493188303683448e-01
8.873591989987484396e+01 9.441907856262239385e-01
8.886107634543179756e+01 9.442849841034561820e-01
8.898623279098873695e+01 9.436831430089411832e-01
8.911138923654569055e+01 9.440574068962590548e-01
8.923654568210262994e+01 9.443301719785054393e-01
8.936170212765958354e+01 9.439336901987869233e-01
8.948685857321652293e+01 9.441748029313529189e-01
8.961201501877347653e+01 9.429460661559869727e-01
8.973717146433041592e+01 9.436476698891159698e-01
8.986232790988736951e+01 9.426420972143504384e-01
8.998748435544430890e+01 9.441632378524029701e-01
9.011264080100126250e+01 9.440356645142072844e-01
9.023779724655820189e+01 9.441213063038672582e-01
9.036295369211514128e+01 9.434933548687518545e-01
9.048811013767209488e+01 9.442322738477428867e-01
9.061326658322903427e+01 9.441040691501200177e-01
9.073842302878598787e+01 9.428566020266061498e-01
9.086357947434292726e+01 9.431806908212365670e-01
9.098873591989988086e+01 9.441596112069365887e-01
9.111389236545682024e+01 9.441557726099801817e-01
9.123904881101377384e+01 9.438087470365941201e-01
9.136420525657071323e+01 9.439503565588016620e-01
9.148936170212766683e+01 9.438992525653273624e-01
9.161451814768460622e+01 9.443347790260769870e-01
9.173967459324155982e+01 9.441756166115932158e-01
9.186483103879849921e+01 9.437018131538089660e-01
9.198998748435545281e+01 9.440650763672755463e-01
9.211514392991239220e+01 9.439444885982768429e-01
9.224030037546934579e+01 9.435504309505968745e-01
9.236545682102628518e+01 9.440098118606745636e-01
9.249061326658323878e+01 9.431703057557001557e-01
9.261576971214017817e+01 9.429177454858806984e-01
9.274092615769713177e+01 9.428378491209866707e-01
9.286608260325407116e+01 9.441963051366429882e-01
9.299123904881102476e+01 9.443003494808712706e-01
9.311639549436796415e+01 9.429025554365441097e-01
9.324155193992490354e+01 9.428213281084827369e-01
9.336670838548185714e+01 9.441986285405267187e-01
9.349186483103879652e+01 9.427410077931079879e-01
9.361702127659575012e+01 9.438129945084386963e-01
9.374217772215268951e+01 9.432359402132284298e-01
9.386733416770964311e+01 9.423926880259723138e-01
9.399249061326658250e+01 9.436653377374225604e-01
9.411764705882353610e+01 9.441036431895575287e-01
9.424280350438047549e+01 9.442144994296827187e-01
9.436795994993742909e+01 9.440485190322753795e-01
9.449311639549436848e+01 9.438935321659842614e-01
9.461827284105132208e+01 9.437588170343595984e-01
9.474342928660826146e+01 9.438816538097947184e-01
9.486858573216521506e+01 9.438604813701073626e-01
9.499374217772215445e+01 9.437926207914739685e-01
9.511889862327910805e+01 9.438252985466543121e-01
9.524405506883604744e+01 9.438854965355508719e-01
9.536921151439300104e+01 9.434964758620332237e-01
9.549436795994994043e+01 9.433179923175115666e-01
9.561952440550689403e+01 9.440801094938096050e-01
9.574468085106383342e+01 9.441324285829711949e-01
9.586983729662078701e+01 9.440450813210145009e-01
9.599499374217772640e+01 9.443309269231509040e-01
9.612015018773468000e+01 9.431643863749765710e-01
9.624530663329161939e+01 9.440210471155325855e-01
9.637046307884855878e+01 9.441814916484582154e-01
9.649561952440551238e+01 9.439891178289371299e-01
9.662077596996245177e+01 9.427596526710076974e-01
9.674593241551940537e+01 9.436658446013267421e-01
9.687108886107634476e+01 9.441076403444094156e-01
9.699624530663329836e+01 9.438971349643804354e-01
9.712140175219023774e+01 9.442990189637081588e-01
9.724655819774719134e+01 9.438968275476952163e-01
9.737171464330413073e+01 9.435796666601413696e-01
9.749687108886108433e+01 9.439490685537591519e-01
9.762202753441802372e+01 9.438805525820042064e-01
9.774718397997497732e+01 9.431246282472152132e-01
9.787234042553191671e+01 9.424654588689869161e-01
9.799749687108887031e+01 9.440363456301369416e-01
9.812265331664580970e+01 9.429731417764370960e-01
9.824780976220276330e+01 9.439599707785711891e-01
9.837296620775970268e+01 9.440884665456846792e-01
9.849812265331665628e+01 9.442038682090598822e-01
9.862327909887359567e+01 9.442791417349151173e-01
9.874843554443054927e+01 9.433654058165106271e-01
9.887359198998748866e+01 9.433937268057484005e-01
9.899874843554444226e+01 9.438234184682977590e-01
9.912390488110138165e+01 9.440052448679397967e-01
9.924906132665832104e+01 9.440990404654874268e-01
9.937421777221527464e+01 9.430403346523642538e-01
9.949937421777221402e+01 9.442904570337489201e-01
9.962453066332916762e+01 9.428644623519308876e-01
9.974968710888610701e+01 9.440416525424571992e-01
9.987484355444306061e+01 9.438817006535150655e-01
1.000000000000000000e+02 9.439151380410909509e-01
