# r   Lambda(r)
0.000000000000000000e+00 9.436798130495801518e-01
1.251564455569461887e-01 1.166202480706331146e+00
2.503128911138923773e-01 1.337550974362290646e+00
3.754693366708385938e-01 1.455792351309337374e+00
5.006257822277847547e-01 1.528154023564522346e+00
6.257822277847309156e-01 1.560517322177977118e+00
7.509386733416771875e-01 1.576757477810897701e+00
8.760951188986233484e-01 1.562337310245507371e+00
1.001251564455569509e+00 1.531043179639565155e+00
1.126408010012515781e+00 1.476973163878562589e+00
1.251564455569461831e+00 1.425193532627078374e+00
1.376720901126408103e+00 1.361406158211137418e+00
1.501877346683354375e+00 1.272186918883847051e+00
1.627033792240300425e+00 1.180001311484952353e+00
1.752190237797246697e+00 1.090578849426043551e+00
1.877346683354192747e+00 9.807812365375494501e-01
2.002503128911139019e+00 8.758336990464090643e-01
2.127659574468085069e+00 7.604911596735743906e-01
2.252816020025031563e+00 6.234171162027339896e-01
2.377972465581977612e+00 5.078325084920888299e-01
2.503128911138923662e+00 3.700574931807212309e-01
2.628285356695870156e+00 2.618985416230951713e-01
2.753441802252816206e+00 1.410353003897694413e-01
2.878598247809762256e+00 6.155229294106866374e-03
3.003754693366708750e+00 -1.378161562548399499e-01
3.128911138923654800e+00 -2.683965170114255283e-01
3.254067584480600850e+00 -4.106217874965761294e-01
3.379224030037546900e+00 -5.595793917848049803e-01
3.504380475594493394e+00 -6.726920431151874880e-01
3.629536921151439444e+00 -8.192429995622313443e-01
3.754693366708385494e+00 -9.363668975325977195e-01
3.879849812265331988e+00 -1.079799070350449197e+00
4.005006257822278037e+00 -1.188767793592751865e+00
4.130162703379224531e+00 -1.311325178300664529e+00
4.255319148936170137e+00 -1.428449673971285305e+00
4.380475594493116631e+00 -1.559351308793978097e+00
4.505632040050063125e+00 -1.681610746723943395e+00
4.630788485607008731e+00 -1.749078090006672248e+00
4.755944931163955225e+00 -1.795488761338538630e+00
4.881101376720901719e+00 -1.856456139184697873e+00
5.006257822277847325e+00 -1.898328959672238359e+00
5.131414267834793819e+00 -1.921258529617359878e+00
5.256570713391740313e+00 -1.800253475776369294e+00
5.381727158948685918e+00 -1.700522833429329861e+00
5.506883604505632412e+00 -1.693030355161876388e+00
5.632040050062578906e+00 -1.722409705253652223e+00
5.757196495619524512e+00 -1.722788223588185508e+00
5.882352941176471006e+00 -1.733061044223636493e+00
6.007509386733417500e+00 -1.757842412513611396e+00
6.132665832290363106e+00 -1.803371017357060069e+00
6.257822277847309600e+00 -1.851742743714131612e+00
6.382978723404255206e+00 -1.875475740174348926e+00
6.508135168961201700e+00 -1.931662705186266260e+00
6.633291614518148194e+00 -1.979422585898914955e+00
6.758448060075093800e+00 -2.072958392175292541e+00
6.883604505632040294e+00 -2.132520570801052173e+00
7.008760951188986787e+00 -2.198994905987395221e+00
7.133917396745932393e+00 -2.285668012261036885e+00
7.259073842302878887e+00 -2.341987602971975058e+00
7.384230287859825381e+00 -2.419784269230194518e+00
7.509386733416770987e+00 -2.492787026566438247e+00
7.634543178973717481e+00 -2.564614471208378710e+00
7.759699624530663975e+00 -2.659059132243743129e+00
7.884856070087609581e+00 -2.727324214966539540e+00
8.010012515644556075e+00 -2.780149679203912871e+00
8.135168961201502569e+00 -2.850625838509922350e+00
8.260325406758449063e+00 -2.943516798151415870e+00
8.385481852315393780e+00 -2.970232026553891291e+00
8.510638297872340274e+00 -3.010959847651109911e+00
8.635794743429286768e+00 -3.039123936500543355e+00
8.760951188986233262e+00 -3.046789153413394402e+00
8.886107634543179756e+00 -3.025879231025931926e+00
9.011264080100126250e+00 -3.048808807737261706e+00
9.136420525657070968e+00 -3.097215461463277641e+00
9.261576971214017462e+00 -3.207164901061042350e+00
9.386733416770963956e+00 -3.294473812006996738e+00
9.511889862327910450e+00 -3.339396333973931874e+00
9.637046307884856944e+00 -3.408871901501977053e+00
9.762202753441803438e+00 -3.482401571994178990e+00
9.887359198998748155e+00 -3.545861659698887003e+00
1.001251564455569465e+01 -3.462117389935387202e+00
1.013767209011264114e+01 -3.333950217711006747e+00
1.026282853566958764e+01 -3.316599277234786758e+00
1.038798498122653413e+01 -3.308960743830787088e+00
1.051314142678348063e+01 -3.346556612175275447e+00
1.063829787234042534e+01 -3.422949428497020552e+00
1.076345431789737184e+01 -3.455847916276128196e+00
1.088861076345431833e+01 -3.531311903922026652e+00
1.101376720901126482e+01 -3.619223657735588962e+00
1.113892365456821132e+01 -3.636175684486234516e+00
1.126408010012515781e+01 -3.723092918767731518e+00
1.138923654568210253e+01 -3.744949345530530938e+00
1.151439299123904902e+01 -3.763071432674033545e+00
1.163954943679599552e+01 -3.781592233031452643e+00
1.176470588235294201e+01 -3.820861461789282210e+00
1.188986232790988851e+01 -3.857823527452365564e+00
1.201501877346683500e+01 -3.895263298164942434e+00
1.214017521902377972e+01 -3.922928374323802814e+00
1.226533166458072621e+01 -3.956234548454154343e+00
1.239048811013767271e+01 -3.967284528230895280e+00
1.251564455569461920e+01 -3.992422666472343895e+00
1.264080100125156569e+01 -3.993992791004011611e+00
1.276595744680851041e+01 -4.021538641374782230e+00
1.289111389236545691e+01 -4.049815288385437917e+00
1.301627033792240340e+01 -4.061913073666796770e+00
1.314142678347934989e+01 -4.018333197092161413e+00
1.326658322903629639e+01 -3.972454088140762618e+00
1.339173967459324288e+01 -3.950279772132011757e+00
1.351689612015018760e+01 -3.990309525919293776e+00
1.364205256570713409e+01 -4.016397898545608136e+00
1.376720901126408059e+01 -4.023739743194529872e+00
1.389236545682102708e+01 -4.032077642650437888e+00
1.401752190237797357e+01 -4.027574640895881686e+00
1.414267834793492007e+01 -4.019539531459400017e+00
1.426783479349186479e+01 -4.028618930584996427e+00
1.439299123904881128e+01 -4.011257321432758260e+00
1.451814768460575777e+01 -3.989233831586104895e+00
1.464330413016270427e+01 -3.974942045402511503e+00
1.476846057571965076e+01 -3.963454220889899737e+00
1.489361702127659726e+01 -3.956043948751481132e+00
1.501877346683354197e+01 -3.945056508152421149e+00
1.514392991239048847e+01 -3.935246711435124833e+00
1.526908635794743496e+01 -3.925394185600285191e+00
1.539424280350438146e+01 -3.916391875820018242e+00
1.551939924906132795e+01 -3.908398065665128485e+00
1.564455569461827444e+01 -3.896529450901308422e+00
1.576971214017521916e+01 -3.886539756441627080e+00
1.589486858573216566e+01 -3.877998922077340094e+00
1.602002503128911215e+01 -3.870268401753981458e+00
1.614518147684605864e+01 -3.860536253093195924e+00
1.627033792240300514e+01 -3.853165772536527367e+00
1.639549436795995163e+01 -3.845446423260002078e+00
1.652065081351689813e+01 -3.840126792922857746e+00
1.664580725907384462e+01 -3.832798693483269403e+00
1.677096370463078756e+01 -3.825525324833418672e+00
1.689612015018773405e+01 -3.819190734013770072e+00
1.702127659574468055e+01 -3.813306042885659775e+00
1.714643304130162704e+01 -3.807261929099611475e+00
1.727158948685857354e+01 -3.802016699837738489e+00
1.739674593241552003e+01 -3.796609443761624014e+00
1.752190237797246652e+01 -3.793520685900118483e+00
1.764705882352941302e+01 -3.785264364785056124e+00
1.777221526908635951e+01 -3.779924334239543438e+00
1.789737171464330601e+01 -3.777248201904090497e+00
1.802252816020025250e+01 -3.769766799254421041e+00
1.814768460575719899e+01 -3.764472251955717663e+00
1.827284105131414194e+01 -3.758352755677863311e+00
1.839799749687108843e+01 -3.753128968435482715e+00
1.852315394242803492e+01 -3.747148419612355230e+00
1.864831038798498142e+01 -3.740517886272955117e+00
1.877346683354192791e+01 -3.734363415066074054e+00
1.889862327909887441e+01 -3.728401292551724033e+00
1.902377972465582090e+01 -3.721783615634073339e+00
1.914893617021276739e+01 -3.714067999741982096e+00
1.927409261576971389e+01 -3.706225683792120140e+00
1.939924906132666038e+01 -3.699127941860801183e+00
1.952440550688360688e+01 -3.692115816323129796e+00
1.964956195244055337e+01 -3.685961739319584041e+00
1.977471839799749631e+01 -3.678868563724882357e+00
1.989987484355444280e+01 -3.671581340240424485e+00
2.002503128911138930e+01 -3.665269699893813016e+00
2.015018773466833579e+01 -3.658527006982934981e+00
2.027534418022528229e+01 -3.651737293239905924e+00
2.040050062578222878e+01 -3.645060046952778521e+00
2.052565707133917527e+01 -3.638552258440759690e+00
2.065081351689612177e+01 -3.632189374886355626e+00
2.077596996245306826e+01 -3.626572462911183958e+00
2.090112640801001476e+01 -3.620579874890133443e+00
2.102628285356696125e+01 -3.614440049721088677e+00
2.115143929912390419e+01 -3.608399722745312843e+00
2.127659574468085069e+01 -3.602419552868835417e+00
2.140175219023779718e+01 -3.596771754129807430e+00
2.152690863579474367e+01 -3.591114030007484637e+00
2.165206508135169017e+01 -3.585753509487850543e+00
2.177722152690863666e+01 -3.580304629551196882e+00
2.190237797246558316e+01 -3.574635212685293162e+00
2.202753441802252965e+01 -3.569089858483808442e+00
2.215269086357947614e+01 -3.563670280078104380e+00
2.227784730913642264e+01 -3.558578596599052624e+00
2.240300375469336913e+01 -3.553726065583356686e+00
2.252816020025031563e+01 -3.548330088524703996e+00
2.265331664580725857e+01 -3.544102538807914815e+00
2.277847309136420506e+01 -3.537793389143068179e+00
2.290362953692115155e+01 -3.532989173787465020e+00
2.302878598247809805e+01 -3.527861214005073354e+00
2.315394242803504454e+01 -3.523492462131838643e+00
2.327909887359199104e+01 -3.518078482275805108e+00
2.340425531914893753e+01 -3.513078058341812859e+00
2.352941176470588402e+01 -3.508600132655352866e+00
2.365456821026283052e+01 -3.504177505545564397e+00
2.377972465581977701e+01 -3.498905976581724087e+00
2.390488110137672351e+01 -3.494677034071079547e+00
2.403003754693367000e+01 -3.489783507914243188e+00
2.415519399249061294e+01 -3.485652018675291508e+00
2.428035043804755944e+01 -3.480591978130749720e+00
2.440550688360450593e+01 -3.476448643958998552e+00
2.453066332916145242e+01 -3.471730495950054785e+00
2.465581977471839892e+01 -3.467527020329946197e+00
2.478097622027534541e+01 -3.463283896896144576e+00
2.490613266583229191e+01 -3.459502485613729750e+00
2.503128911138923840e+01 -3.454734437933610014e+00
2.515644555694618489e+01 -3.450872113316624468e+00
2.528160200250313139e+01 -3.447121755386904685e+00
2.540675844806007788e+01 -3.442293607134205402e+00
2.553191489361702082e+01 -3.439130893858223459e+00
2.565707133917396732e+01 -3.434698004881612032e+00
2.578222778473091381e+01 -3.430389687689144651e+00
2.590738423028786030e+01 -3.426484286709321481e+00
2.603254067584480680e+01 -3.422431728704264042e+00
2.615769712140175329e+01 -3.418765137977061830e+00
2.628285356695869979e+01 -3.414913538070163845e+00
2.640801001251564628e+01 -3.411657225879229927e+00
2.653316645807259277e+01 -3.407488098542683641e+00
2.665832290362953927e+01 -3.404715559998407581e+00
2.678347934918648576e+01 -3.400159452293444406e+00
2.690863579474343226e+01 -3.398590399687357877e+00
2.703379224030037520e+01 -3.393179668760024192e+00
2.715894868585732169e+01 -3.389744338780593225e+00
2.728410513141426819e+01 -3.385927020205439675e+00
2.740926157697121468e+01 -3.383056233174390748e+00
2.753441802252816117e+01 -3.379079260886019842e+00
2.765957446808510767e+01 -3.375994672675287411e+00
2.778473091364205416e+01 -3.372596592692410411e+00
2.790988735919900066e+01 -3.370014801540214489e+00
2.803504380475594715e+01 -3.366574980849087684e+00
2.816020025031289364e+01 -3.362843282955958912e+00
2.828535669586984014e+01 -3.361086506366084414e+00
2.841051314142678308e+01 -3.356801382288666424e+00
2.853566958698372957e+01 -3.354082623155103082e+00
2.866082603254067607e+01 -3.350624211213228509e+00
2.878598247809762256e+01 -3.347584901728640094e+00
2.891113892365456906e+01 -3.344730109106967220e+00
2.903629536921151555e+01 -3.343804197181905025e+00
2.916145181476846204e+01 -3.340941964987402368e+00
2.928660826032540854e+01 -3.335521713321763837e+00
2.941176470588235503e+01 -3.333748701251791680e+00
2.953692115143930152e+01 -3.329926126638547590e+00
2.966207759699624802e+01 -3.329646943516963553e+00
2.978723404255319451e+01 -3.324241601774562849e+00
2.991239048811013745e+01 -3.321872281900775548e+00
3.003754693366708395e+01 -3.319502660269900929e+00
3.016270337922403044e+01 -3.317315999528176906e+00
3.028785982478097694e+01 -3.313383385486056820e+00
3.041301627033792343e+01 -3.311062813449239695e+00
3.053817271589486992e+01 -3.307949728499413489e+00
3.066332916145181642e+01 -3.306272578592408085e+00
3.078848560700876291e+01 -3.305210858035964705e+00
3.091364205256570941e+01 -3.300717426156683842e+00
3.103879849812265590e+01 -3.298221423151749931e+00
3.116395494367960239e+01 -3.295549277790243092e+00
3.128911138923654889e+01 -3.294427128750139211e+00
3.141426783479349183e+01 -3.290517578716833036e+00
3.153942428035043832e+01 -3.287911492942651837e+00
3.166458072590738482e+01 -3.286145254960538775e+00
3.178973717146433131e+01 -3.283908964427178834e+00
3.191489361702127781e+01 -3.281047475695014093e+00
3.204005006257822430e+01 -3.278102573595185643e+00
3.216520650813517079e+01 -3.276023952286353680e+00
3.229036295369211729e+01 -3.274421821849689440e+00
3.241551939924906378e+01 -3.274198189295586037e+00
3.254067584480601028e+01 -3.268734861788466173e+00
3.266583229036295677e+01 -3.267344017738030182e+00
3.279098873591990326e+01 -3.264596075043364909e+00
3.291614518147684976e+01 -3.262624334052032893e+00
3.304130162703379625e+01 -3.260098041544376102e+00
3.316645807259074274e+01 -3.259915941017953234e+00
3.329161451814768924e+01 -3.255963618648476388e+00
3.341677096370463573e+01 -3.253197657522189257e+00
3.354192740926157512e+01 -3.252445277923582179e+00
3.366708385481852162e+01 -3.249816813535577165e+00
3.379224030037546811e+01 -3.246643738637586374e+00
3.391739674593241460e+01 -3.244086007629991109e+00
3.404255319148936110e+01 -3.242332866354054488e+00
3.416770963704630759e+01 -3.239873154692928026e+00
3.429286608260325409e+01 -3.238211190480330792e+00
3.441802252816020058e+01 -3.235713676669798478e+00
3.454317897371714707e+01 -3.235003266917479081e+00
3.466833541927409357e+01 -3.232049257035428447e+00
3.479349186483104006e+01 -3.231687654130302789e+00
3.491864831038798656e+01 -3.227744353359526031e+00
3.504380475594493305e+01 -3.225436680714213633e+00
3.516896120150187954e+01 -3.223619088268034893e+00
3.529411764705882604e+01 -3.221815816086238016e+00
3.541927409261577253e+01 -3.219541892128666039e+00
3.554443053817271903e+01 -3.217371481436159808e+00
3.566958698372966552e+01 -3.215877246680114432e+00
3.579474342928661201e+01 -3.214288353831273426e+00
3.591989987484355851e+01 -3.211508538985183403e+00
3.604505632040050500e+01 -3.209696292385774807e+00
3.617021276595745150e+01 -3.208807127430495676e+00
3.629536921151439799e+01 -3.205968926099964644e+00
3.642052565707133738e+01 -3.203986262205294810e+00
3.654568210262828387e+01 -3.203104429509666673e+00
3.667083854818523037e+01 -3.200911292301933830e+00
3.679599499374217686e+01 -3.198932794698762017e+00
3.692115143929912335e+01 -3.197044530569832510e+00
3.704630788485606985e+01 -3.195612951339905639e+00
3.717146433041301634e+01 -3.193723437147574895e+00
3.729662077596996284e+01 -3.192268870300422723e+00
3.742177722152690933e+01 -3.190460104705002298e+00
3.754693366708385582e+01 -3.188478806342577965e+00
3.767209011264080232e+01 -3.187293918560141659e+00
3.779724655819774881e+01 -3.185972161694380578e+00
3.792240300375469531e+01 -3.184214088522972830e+00
3.804755944931164180e+01 -3.182284045546496465e+00
3.817271589486858829e+01 -3.179925617929748149e+00
3.829787234042553479e+01 -3.178705951073000247e+00
3.842302878598248128e+01 -3.176466073970930282e+00
3.854818523153942778e+01 -3.175434704722969848e+00
3.867334167709637427e+01 -3.173102203424438272e+00
3.879849812265332076e+01 -3.171805640225524581e+00
3.892365456821026726e+01 -3.171343720399091293e+00
3.904881101376721375e+01 -3.168817512691475713e+00
3.917396745932416025e+01 -3.167439114228010055e+00
3.929912390488110674e+01 -3.166164862000361957e+00
3.942428035043804613e+01 -3.165033599399316611e+00
3.954943679599499262e+01 -3.162110565531945028e+00
3.967459324155193912e+01 -3.160617144841423531e+00
3.979974968710888561e+01 -3.160162054335232895e+00
3.992490613266583210e+01 -3.157859638816996828e+00
4.005006257822277860e+01 -3.156839363525154152e+00
4.017521902377972509e+01 -3.154345366509930138e+00
4.030037546933667159e+01 -3.153181250397791846e+00
4.042553191489361808e+01 -3.153212709274007430e+00
4.055068836045056457e+01 -3.150071302029002762e+00
4.067584480600751107e+01 -3.149229534981297540e+00
4.080100125156445756e+01 -3.147756273174612929e+00
4.092615769712140406e+01 -3.146519097921465669e+00
4.105131414267835055e+01 -3.144828676140983603e+00
4.117647058823529704e+01 -3.143386237396650795e+00
4.130162703379224354e+01 -3.143423409343622854e+00
4.142678347934919003e+01 -3.140297134832255477e+00
4.155193992490613653e+01 -3.140046838954118957e+00
4.167709637046308302e+01 -3.137081987673781658e+00
4.180225281602002951e+01 -3.135887936563252598e+00
4.192740926157697601e+01 -3.134185162799992153e+00
4.205256570713392250e+01 -3.133617279533052358e+00
4.217772215269086900e+01 -3.132607701886175100e+00
4.230287859824780838e+01 -3.130506293494451864e+00
4.242803504380475488e+01 -3.130127172305403604e+00
4.255319148936170137e+01 -3.127363823531509546e+00
4.267834793491864787e+01 -3.126497104911567515e+00
4.280350438047559436e+01 -3.126764707588721048e+00
4.292866082603254085e+01 -3.123452374276513677e+00
4.305381727158948735e+01 -3.122172321696585318e+00
4.317897371714643384e+01 -3.121375471011407221e+00
4.330413016270338034e+01 -3.119521054183095554e+00
4.342928660826032683e+01 -3.118667057602005244e+00
4.355444305381727332e+01 -3.116992895522939122e+00
4.367959949937421982e+01 -3.117122463515833442e+00
4.380475594493116631e+01 -3.114285480335803769e+00
4.392991239048811281e+01 -3.113372947780181477e+00
4.405506883604505930e+01 -3.111999746199474171e+00
4.418022528160200579e+01 -3.111099738401511328e+00
4.430538172715895229e+01 -3.109978905595700116e+00
4.443053817271589878e+01 -3.109604645101073483e+00
4.455569461827284528e+01 -3.108703504029639575e+00
4.468085106382979177e+01 -3.105864632421897920e+00
4.480600750938673826e+01 -3.104496055412592437e+00
4.493116395494368476e+01 -3.103795875870757559e+00
4.505632040050063125e+01 -3.102227432617499225e+00
4.518147684605757064e+01 -3.101453351019456850e+00
4.530663329161451713e+01 -3.100319058900163238e+00
4.543178973717146363e+01 -3.099645068436129414e+00
4.555694618272841012e+01 -3.097694086886136677e+00
4.568210262828535662e+01 -3.096837765872936910e+00
4.580725907384230311e+01 -3.095032418277511077e+00
4.593241551939924960e+01 -3.093908034330878021e+00
4.605757196495619610e+01 -3.093211161060912318e+00
4.618272841051314259e+01 -3.091695735493806385e+00
4.630788485607008909e+01 -3.091324629432416593e+00
4.643304130162703558e+01 -3.089658256109076628e+00
4.655819774718398207e+01 -3.090708405081137755e+00
4.668335419274092857e+01 -3.087580413612480257e+00
4.680851063829787506e+01 -3.086327082649567899e+00
4.693366708385482156e+01 -3.086802799255734975e+00
4.705882352941176805e+01 -3.084267767142594874e+00
4.718397997496871454e+01 -3.083190446485682301e+00
4.730913642052566104e+01 -3.081972839992311197e+00
4.743429286608260753e+01 -3.080817423401935429e+00
4.755944931163955403e+01 -3.079927236036173355e+00
4.768460575719650052e+01 -3.078736236935650350e+00
4.780976220275344701e+01 -3.077362734221739782e+00
4.793491864831039351e+01 -3.076614323891773140e+00
4.806007509386734000e+01 -3.075385521317171023e+00
4.818523153942427939e+01 -3.075845777311863927e+00
4.831038798498122588e+01 -3.073492236667892730e+00
4.843554443053817238e+01 -3.072035922588042034e+00
4.856070087609511887e+01 -3.071294856337054568e+00
4.868585732165206537e+01 -3.070524382891727910e+00
4.881101376720901186e+01 -3.069512428685736261e+00
4.893617021276595835e+01 -3.068093264997652891e+00
4.906132665832290485e+01 -3.067225919666803247e+00
4.918648310387985134e+01 -3.066768325961532149e+00
4.931163954943679784e+01 -3.065541171482935479e+00
4.943679599499374433e+01 -3.064475619930222106e+00
4.956195244055069082e+01 -3.062952361850670879e+00
4.968710888610763732e+01 -3.062910436762982691e+00
4.981226533166458381e+01 -3.061080689642325936e+00
4.993742177722153031e+01 -3.063967121604433519e+00
5.006257822277847680e+01 -3.061643795784184441e+00
5.018773466833542329e+01 -3.060583040074526195e+00
5.031289111389236979e+01 -3.057533806584950664e+00
5.043804755944931628e+01 -3.059872066589567563e+00
5.056320400500626278e+01 -3.055996198235974237e+00
5.068836045056320927e+01 -3.058435136911019203e+00
5.081351689612015576e+01 -3.053730349693369206e+00
5.093867334167710226e+01 -3.052289610370836570e+00
5.106382978723404165e+01 -3.052311388930869729e+00
5.118898623279098814e+01 -3.052143170101390357e+00
5.131414267834793463e+01 -3.050786228154342528e+00
5.143929912390488113e+01 -3.050391665588725765e+00
5.156445556946182762e+01 -3.048429704366881321e+00
5.168961201501877412e+01 -3.046826103804749941e+00
5.181476846057572061e+01 -3.046462018464902943e+00
5.193992490613266710e+01 -3.048423279228468452e+00
5.206508135168961360e+01 -3.044277406589108281e+00
5.219023779724656009e+01 -3.045259157184272869e+00
5.231539424280350659e+01 -3.043441688178011528e+00
5.244055068836045308e+01 -3.042500557010145990e+00
5.256570713391739957e+01 -3.043432741817614584e+00
5.269086357947434607e+01 -3.041177135027347322e+00
5.281602002503129256e+01 -3.041340436663785507e+00
5.294117647058823906e+01 -3.037941501963394852e+00
5.306633291614518555e+01 -3.037753483966288748e+00
5.319148936170213204e+01 -3.036310606519291078e+00
5.331664580725907854e+01 -3.035715414063959727e+00
5.344180225281602503e+01 -3.034853783430842000e+00
5.356695869837297153e+01 -3.035363517913545195e+00
5.369211514392991802e+01 -3.032639816610472661e+00
5.381727158948686451e+01 -3.033502832853258280e+00
5.394242803504380390e+01 -3.030973156530800683e+00
5.406758448060075040e+01 -3.032985879231119508e+00
5.419274092615769689e+01 -3.033411488974262493e+00
5.431789737171464338e+01 -3.029010195908613312e+00
5.444305381727158988e+01 -3.028177455338640467e+00
5.456821026282853637e+01 -3.026947597004050028e+00
5.469336670838548287e+01 -3.026283899538738442e+00
5.481852315394242936e+01 -3.025535332632824481e+00
5.494367959949937585e+01 -3.025951415252289500e+00
5.506883604505632235e+01 -3.024215330311112115e+00
5.519399249061326884e+01 -3.023218306971625857e+00
5.531914893617021534e+01 -3.022008440399032825e+00
5.544430538172716183e+01 -3.021191080342585877e+00
5.556946182728410832e+01 -3.022201273557388213e+00
5.569461827284105482e+01 -3.019950164491203459e+00
5.581977471839800131e+01 -3.019661914236134947e+00
5.594493116395494781e+01 -3.019992640407712425e+00
5.607008760951189430e+01 -3.018439223330367405e+00
5.619524405506884079e+01 -3.017011129802730895e+00
5.632040050062578729e+01 -3.016097035390540970e+00
5.644555694618273378e+01 -3.017157696572043690e+00
5.657071339173968028e+01 -3.014915571927788474e+00
5.669586983729662677e+01 -3.014238917316101940e+00
5.682102628285356616e+01 -3.013275423299523581e+00
5.694618272841051265e+01 -3.012007922912705471e+00
5.707133917396745915e+01 -3.011159002426392117e+00
5.719649561952440564e+01 -3.010662707458069409e+00
5.732165206508135213e+01 -3.012122818685148307e+00
5.744680851063829863e+01 -3.008966381464522666e+00
5.757196495619524512e+01 -3.009421041003242703e+00
5.769712140175219162e+01 -3.010279429699743936e+00
5.782227784730913811e+01 -3.006971019943447399e+00
5.794743429286608460e+01 -3.007252753376222110e+00
5.807259073842303110e+01 -3.005984487714095099e+00
5.819774718397997759e+01 -3.004850077503630867e+00
5.832290362953692409e+01 -3.004154391743123931e+00
5.844806007509387058e+01 -3.005517119057051545e+00
5.857321652065081707e+01 -3.002725683124031431e+00
5.869837296620776357e+01 -3.001758858741705893e+00
5.882352941176471006e+01 -3.001381709834899603e+00
5.894868585732165656e+01 -3.001296299136820167e+00
5.907384230287860305e+01 -3.002448686054925986e+00
5.919899874843554954e+01 -2.999773919877545048e+00
5.932415519399249604e+01 -2.999202174627916939e+00
5.944931163954944253e+01 -2.998402751813793454e+00
5.957446808510638903e+01 -2.997237793040527176e+00
5.969962453066333552e+01 -2.996336846429011214e+00
5.982478097622027491e+01 -2.995595720075132640e+00
5.994993742177722140e+01 -2.995888429694586019e+00
6.007509386733416790e+01 -2.996941439438658872e+00
6.020025031289111439e+01 -2.994111930627138651e+00
6.032540675844806088e+01 -2.995463443783550783e+00
6.045056320400500738e+01 -2.993746132515515246e+00
6.057571964956195387e+01 -2.994805862430008236e+00
6.070087609511890037e+01 -2.991154975279090245e+00
6.082603254067584686e+01 -2.991018153665043311e+00
6.095118898623279335e+01 -2.989912809682046646e+00
6.107634543178973985e+01 -2.988970306673067512e+00
6.120150187734668634e+01 -2.988662518741105334e+00
6.132665832290363284e+01 -2.988338243487473012e+00
6.145181476846057933e+01 -2.987113203070397294e+00
6.157697121401752582e+01 -2.989129853719457497e+00
6.170212765957447232e+01 -2.986382424697513027e+00
6.182728410513141881e+01 -2.985619891241862334e+00
6.195244055068836531e+01 -2.985655471948481576e+00
6.207759699624531180e+01 -2.984750829057107868e+00
6.220275344180225829e+01 -2.983273765349692130e+00
6.232790988735920479e+01 -2.982489149820564567e+00
6.245306633291615128e+01 -2.982940564024919805e+00
6.257822277847309778e+01 -2.981516701131429858e+00
6.270337922403003716e+01 -2.983019965797645057e+00
6.282853566958698366e+01 -2.980164516566708777e+00
6.295369211514393015e+01 -2.980077712548429680e+00
6.307884856070087665e+01 -2.979132453903412525e+00
6.320400500625782314e+01 -2.978404643324478407e+00
6.332916145181476963e+01 -2.978841076758835360e+00
6.345431789737171613e+01 -2.977227808756049754e+00
6.357947434292866262e+01 -2.976528775922073766e+00
6.370463078848560912e+01 -2.975708953550128655e+00
6.382978723404255561e+01 -2.976393321366593181e+00
6.395494367959950210e+01 -2.974750885657803323e+00
6.408010012515644860e+01 -2.973987429298445395e+00
6.420525657071338799e+01 -2.973919893732323239e+00
6.433041301627034159e+01 -2.973368012084276923e+00
6.445556946182728097e+01 -2.972799803247609507e+00
6.458072590738423457e+01 -2.973189770513945618e+00
6.470588235294117396e+01 -2.970984350387254835e+00
6.483103879849812756e+01 -2.971321556582396273e+00
6.495619524405506695e+01 -2.970082356331430251e+00
6.508135168961202055e+01 -2.971299425238197678e+00
6.520650813516895994e+01 -2.968647321236057568e+00
6.533166458072591354e+01 -2.969157420712938311e+00
6.545682102628285293e+01 -2.969716650256065016e+00
6.558197747183980653e+01 -2.968789115643130749e+00
6.570713391739674591e+01 -2.966393793150895242e+00
6.583229036295369951e+01 -2.965879307919664587e+00
6.595744680851063890e+01 -2.967384758597658045e+00
6.608260325406759250e+01 -2.964812698082979647e+00
6.620775969962453189e+01 -2.964723810566552320e+00
6.633291614518148549e+01 -2.963981408516746185e+00
6.645807259073842488e+01 -2.964126032679355482e+00
6.658322903629537848e+01 -2.963958969096548657e+00
6.670838548185231787e+01 -2.961964883760498157e+00
6.683354192740927147e+01 -2.962034474581713095e+00
6.695869837296621085e+01 -2.961391717800391454e+00
6.708385481852315024e+01 -2.960345177760365321e+00
6.720901126408010384e+01 -2.960013710084508531e+00
6.733416770963704323e+01 -2.960243921752093943e+00
6.745932415519399683e+01 -2.960219596542891018e+00
6.758448060075093622e+01 -2.958937591265515366e+00
6.770963704630788982e+01 -2.959332491446480695e+00
6.783479349186482921e+01 -2.958512075966492016e+00
6.795994993742178281e+01 -2.956752855506086686e+00
6.808510638297872219e+01 -2.956490503525668778e+00
6.821026282853567579e+01 -2.956168785147044176e+00
6.833541927409261518e+01 -2.955427673674715816e+00
6.846057571964956878e+01 -2.956014078956965996e+00
6.858573216520650817e+01 -2.955297135322088042e+00
6.871088861076346177e+01 -2.953949512024743207e+00
6.883604505632040116e+01 -2.953617652225481560e+00
6.896120150187735476e+01 -2.952933566379560837e+00
6.908635794743429415e+01 -2.952383014464488920e+00
6.921151439299124775e+01 -2.952492278520195690e+00
6.933667083854818713e+01 -2.952451015408804835e+00
6.946182728410514073e+01 -2.951530619479130646e+00
6.958698372966208012e+01 -2.950656755506372519e+00
6.971214017521903372e+01 -2.949796957850387980e+00
6.983729662077597311e+01 -2.949198584479209906e+00
6.996245306633291250e+01 -2.950872272374553074e+00
7.008760951188986610e+01 -2.950560249813996894e+00
7.021276595744680549e+01 -2.948010457505171988e+00
7.033792240300375909e+01 -2.951032191687818607e+00
7.046307884856069848e+01 -2.947119136203957268e+00
7.058823529411765207e+01 -2.946762058055003575e+00
7.071339173967459146e+01 -2.946291143800480850e+00
7.083854818523154506e+01 -2.945926665977071757e+00
7.096370463078848445e+01 -2.944911327296518611e+00
7.108886107634543805e+01 -2.944925662159184387e+00
7.121401752190237744e+01 -2.946830290284590870e+00
7.133917396745933104e+01 -2.943916656573549506e+00
7.146433041301627043e+01 -2.942902886919871008e+00
7.158948685857322403e+01 -2.942523454151582118e+00
7.171464330413016341e+01 -2.942259959855039853e+00
7.183979974968711701e+01 -2.941605778779917468e+00
7.196495619524405640e+01 -2.942251198499496123e+00
7.209011264080101000e+01 -2.941248317538355916e+00
7.221526908635794939e+01 -2.940963556338511253e+00
7.234042553191490299e+01 -2.939932962679467465e+00
7.246558197747184238e+01 -2.941338953566497327e+00
7.259073842302879598e+01 -2.939678817707559677e+00
7.271589486858573537e+01 -2.942689337852975040e+00
7.284105131414267476e+01 -2.938058958564405021e+00
7.296620775969962835e+01 -2.937191783531265088e+00
7.309136420525656774e+01 -2.936801407859448876e+00
7.321652065081352134e+01 -2.936646408836005584e+00
7.334167709637046073e+01 -2.936159394404533884e+00
7.346683354192741433e+01 -2.936000081676886531e+00
7.359198998748435372e+01 -2.935243581712876360e+00
7.371714643304130732e+01 -2.936519890289040813e+00
7.384230287859824671e+01 -2.934259562650319619e+00
7.396745932415520031e+01 -2.933777908839751536e+00
7.409261576971213970e+01 -2.933569537631443236e+00
7.421777221526909329e+01 -2.933611038727573561e+00
7.434292866082603268e+01 -2.933197908087912698e+00
7.446808510638298628e+01 -2.935689780971237894e+00
7.459324155193992567e+01 -2.932496651492746409e+00
7.471839799749687927e+01 -2.931046734291153477e+00
7.484355444305381866e+01 -2.934088399299654704e+00
7.496871088861077226e+01 -2.931263270591947911e+00
7.509386733416771165e+01 -2.929638820943619493e+00
7.521902377972466525e+01 -2.930231347018403376e+00
7.534418022528160463e+01 -2.928951916000696709e+00
7.546933667083855823e+01 -2.929121416070187500e+00
7.559449311639549762e+01 -2.928097215833644906e+00
7.571964956195245122e+01 -2.927596741494538080e+00
7.584480600750939061e+01 -2.927850178274280513e+00
7.596996245306633000e+01 -2.926912803670355778e+00
7.609511889862328360e+01 -2.926341553053322109e+00
7.622027534418022299e+01 -2.927487245037415420e+00
7.634543178973717659e+01 -2.926464054916919189e+00
7.647058823529411598e+01 -2.925018275257023515e+00
7.659574468085106957e+01 -2.929941141341778188e+00
7.672090112640800896e+01 -2.926036502058370292e+00
7.684605757196496256e+01 -2.924217485503976643e+00
7.697121401752190195e+01 -2.923357545057695184e+00
7.709637046307885555e+01 -2.922987440664798875e+00
7.722152690863579494e+01 -2.924226724303510938e+00
7.734668335419274854e+01 -2.922193143430009687e+00
7.747183979974968793e+01 -2.924347099222734947e+00
7.759699624530664153e+01 -2.921209059814005471e+00
7.772215269086358091e+01 -2.921317375123511972e+00
7.784730913642053451e+01 -2.920789857090815289e+00
7.797246558197747390e+01 -2.920580590603732318e+00
7.809762202753442750e+01 -2.921075079440056843e+00
7.822277847309136689e+01 -2.921463248237269994e+00
7.834793491864832049e+01 -2.920558190870921500e+00
7.847309136420525988e+01 -2.918739987993659746e+00
7.859824780976221348e+01 -2.918883050421966718e+00
7.872340425531915287e+01 -2.918140689046859304e+00
7.884856070087609226e+01 -2.917980273711506811e+00
7.897371714643304585e+01 -2.917958882689936306e+00
7.909887359198998524e+01 -2.917101118685883065e+00
7.922403003754693884e+01 -2.916391087117217840e+00
7.934918648310387823e+01 -2.916507336454504440e+00
7.947434292866083183e+01 -2.916737884548210147e+00
7.959949937421777122e+01 -2.915085221924201608e+00
7.972465581977472482e+01 -2.915210551497461999e+00
7.984981226533166421e+01 -2.916845945740042190e+00
7.997496871088861781e+01 -2.913889923055723141e+00
8.010012515644555720e+01 -2.913633333053334162e+00
8.022528160200251079e+01 -2.913138360648963143e+00
8.035043804755945018e+01 -2.912587628773257720e+00
8.047559449311640378e+01 -2.912400107738966515e+00
8.060075093867334317e+01 -2.912296422347815383e+00
8.072590738423029677e+01 -2.912335468815026029e+00
8.085106382978723616e+01 -2.911606146681349205e+00
8.097622027534418976e+01 -2.912211250674913376e+00
8.110137672090112915e+01 -2.910414853679413660e+00
8.122653316645808275e+01 -2.910419158172111054e+00
8.135168961201502213e+01 -2.911137150015273622e+00
8.147684605757197573e+01 -2.910762872111909427e+00
8.160200250312891512e+01 -2.908933372011245577e+00
8.172715894868585451e+01 -2.910609410498667948e+00
8.185231539424280811e+01 -2.908712134458928844e+00
8.197747183979974750e+01 -2.910274835776303970e+00
8.210262828535670110e+01 -2.909833163708196224e+00
8.222778473091364049e+01 -2.908135325868733467e+00
8.235294117647059409e+01 -2.907715622813169531e+00
8.247809762202753348e+01 -2.906899112579028444e+00
8.260325406758448707e+01 -2.907092222416932881e+00
8.272841051314142646e+01 -2.906139995561025646e+00
8.285356695869838006e+01 -2.906583690241590467e+00
8.297872340425531945e+01 -2.905372128855206348e+00
8.310387984981227305e+01 -2.906683924816537257e+00
8.322903629536921244e+01 -2.904733651461931743e+00
8.335419274092616604e+01 -2.904553250243647522e+00
8.347934918648310543e+01 -2.904143310257469413e+00
8.360450563204005903e+01 -2.903555814531561197e+00
8.372966207759699842e+01 -2.903707301501510241e+00
8.385481852315395201e+01 -2.902674392480145027e+00
8.397997496871089140e+01 -2.903522438380864212e+00
8.410513141426784500e+01 -2.901995833850380624e+00
8.423028785982478439e+01 -2.904594329642696149e+00
8.435544430538173799e+01 -2.901335706816242865e+00
8.448060075093867738e+01 -2.901731769953063811e+00
8.460575719649561677e+01 -2.901924445133423180e+00
8.473091364205257037e+01 -2.900670390095657858e+00
8.485607008760950976e+01 -2.899857725266009822e+00
8.498122653316646335e+01 -2.901611406657758518e+00
8.510638297872340274e+01 -2.899368887855106269e+00
8.523153942428035634e+01 -2.900324181168020932e+00
8.535669586983729573e+01 -2.898600241106796815e+00
8.548185231539424933e+01 -2.899030509817212220e+00
8.560700876095118872e+01 -2.898234156519095883e+00
8.573216520650814232e+01 -2.898065732509709225e+00
8.585732165206508171e+01 -2.899100806553179144e+00
8.598247809762203531e+01 -2.897720465393580191e+00
8.610763454317897470e+01 -2.896925482789851625e+00
8.623279098873592829e+01 -2.896833621882958010e+00
8.635794743429286768e+01 -2.897790672517642108e+00
8.648310387984982128e+01 -2.897230374308867873e+00
8.660826032540676067e+01 -2.896230630058383770e+00
8.673341677096371427e+01 -2.895479177498177403e+00
8.685857321652065366e+01 -2.894731879318737988e+00
8.698372966207760726e+01 -2.894830992469556996e+00
8.710888610763454665e+01 -2.895757775509722798e+00
8.723404255319150025e+01 -2.893495194218252742e+00
8.735919899874843964e+01 -2.893803671634322061e+00
8.748435544430537902e+01 -2.893220093457346209e+00
8.760951188986233262e+01 -2.896096238705535786e+00
8.773466833541927201e+01 -2.893755990731267769e+00
8.785982478097622561e+01 -2.892145251799876249e+00
8.798498122653316500e+01 -2.894170290109705057e+00
8.811013767209011860e+01 -2.892486409027853700e+00
8.823529411764705799e+01 -2.892636347150419063e+00
8.836045056320401159e+01 -2.891646162080348414e+00
8.848560700876095098e+01 -2.890779815667460451e+00
8.861076345431790457e+01 -2.892028316402347698e+00
8.873591989987484396e+01 -2.890240582858762064e+00
8.886107634543179756e+01 -2.890030437505071603e+00
8.898623279098873695e+01 -2.892523548981163817e+00
8.911138923654569055e+01 -2.891710097872764784e+00
8.923654568210262994e+01 -2.889772253521035061e+00
8.936170212765958354e+01 -2.890085796873496538e+00
8.948685857321652293e+01 -2.888041292798560811e+00
8.961201501877347653e+01 -2.887980704242463670e+00
8.973717146433041592e+01 -2.889378468699664637e+00
8.986232790988736951e+01 -2.888591764144387231e+00
8.998748435544430890e+01 -2.887142449351278284e+00
9.011264080100126250e+01 -2.886701389742778900e+00
9.023779724655820189e+01 -2.886323824401653138e+00
9.036295369211514128e+01 -2.886487694734163778e+00
9.048811013767209488e+01 -2.885565608818492667e+00
9.061326658322903427e+01 -2.886717359085376966e+00
9.073842302878598787e+01 -2.887950260440498074e+00
9.086357947434292726e+01 -2.885539932200714919e+00
9.098873591989988086e+01 -2.886549454097067535e+00
9.111389236545682024e+01 -2.884800512524092309e+00
9.123904881101377384e+01 -2.886254960078137533e+00
9.136420525657071323e+01 -2.886107612758975538e+00
9.148936170212766683e+01 -2.883304083621678782e+00
9.161451814768460622e+01 -2.883089401857848788e+00
9.173967459324155982e+01 -2.883706909168352706e+00
9.186483103879849921e+01 -2.883315445583636727e+00
9.198998748435545281e+01 -2.882276217319176492e+00
9.211514392991239220e+01 -2.882407470401942007e+00
9.224030037546934579e+01 -2.881642983894220578e+00
9.236545682102628518e+01 -2.881617317960190050e+00
9.249061326658323878e+01 -2.881310135119977911e+00
9.261576971214017817e+01 -2.880636173239489839e+00
9.274092615769713177e+01 -2.882202481453719489e+00
9.286608260325407116e+01 -2.880761003974708245e+00
9.299123904881102476e+01 -2.881770298168981892e+00
9.311639549436796415e+01 -2.879754057113056209e+00
9.324155193992490354e+01 -2.880561625849316965e+00
9.336670838548185714e+01 -2.879178237634015591e+00
9.349186483103879652e+01 -2.879078182042377865e+00
9.361702127659575012e+01 -2.878693354978672403e+00
9.374217772215268951e+01 -2.878371658622391305e+00
9.386733416770964311e+01 -2.877872577496703776e+00
9.399249061326658250e+01 -2.878006280533872197e+00
9.411764705882353610e+01 -2.877857119609680492e+00
9.424280350438047549e+01 -2.880107278579781216e+00
9.436795994993742909e+01 -2.878807284248607878e+00
9.449311639549436848e+01 -2.876597905578484937e+00
9.461827284105132208e+01 -2.878569394887367849e+00
9.474342928660826146e+01 -2.876203454054001352e+00
9.486858573216521506e+01 -2.880599469110765920e+00
9.499374217772215445e+01 -2.877641119732593733e+00
9.511889862327910805e+01 -2.875717686077640778e+00
9.524405506883604744e+01 -2.876743660534639258e+00
9.536921151439300104e+01 -2.875388868392913633e+00
9.549436795994994043e+01 -2.877899202655895827e+00
9.561952440550689403e+01 -2.874548888538528857e+00
9.574468085106383342e+01 -2.877306923410868134e+00
9.586983729662078701e+01 -2.874560638630269338e+00
9.599499374217772640e+01 -2.874225718131326879e+00
9.612015018773468000e+01 -2.873333821686204104e+00
9.624530663329161939e+01 -2.876122339889874091e+00
9.637046307884855878e+01 -2.872509179363778475e+00
9.649561952440551238e+01 -2.872927964858751348e+00
9.662077596996245177e+01 -2.875677886594870003e+00
9.674593241551940537e+01 -2.871942648873195392e+00
9.687108886107634476e+01 -2.871603940468058447e+00
9.699624530663329836e+01 -2.872277604243093752e+00
9.712140175219023774e+01 -2.871178584429658009e+00
9.724655819774719134e+01 -2.871071960203996021e+00
9.737171464330413073e+01 -2.872988425545715874e+00
9.749687108886108433e+01 -2.870825477256285119e+00
9.762202753441802372e+01 -2.870344528150660768e+00
9.774718397997497732e+01 -2.870089134210370041e+00
9.787234042553191671e+01 -2.874041698333452910e+00
9.799749687108887031e+01 -2.872520553781192199e+00
9.812265331664580970e+01 -2.869768798247725350e+00
9.824780976220276330e+01 -2.869111432592947875e+00
9.837296620775970268e+01 -2.868652199791085433e+00
9.849812265331665628e+01 -2.868647394556608443e+00
9.862327909887359567e+01 -2.868792812777483103e+00
9.874843554443054927e+01 -2.873978108410414123e+00
9.887359198998748866e+01 -2.867953978459364173e+00
9.899874843554444226e+01 -2.867458166381840368e+00
9.912390488110138165e+01 -2.867783774800527929e+00
9.924906132665832104e+01 -2.867161991707997792e+00
9.937421777221527464e+01 -2.867762496061205812e+00
9.949937421777221402e+01 -2.869374360562142900e+00
9.962453066332916762e+01 -2.867760361991316120e+00
9.974968710888610701e+01 -2.866960965605080958e+00
9.987484355444306061e+01 -2.867344561589669105e+00
1.000000000000000000e+02 -2.867899525713705433e+00
