# r   Lambda(r)
0.000000000000000000e+00 9.442068120010944643e-01
1.251564455569461887e-01 9.485129405959182858e-01
2.503128911138923773e-01 9.551260703997670465e-01
3.754693366708385938e-01 9.610955731447747841e-01
5.006257822277847547e-01 9.668117161413318783e-01
6.257822277847309156e-01 9.718352926959615834e-01
7.509386733416771875e-01 9.783906910298419968e-01
8.760951188986233484e-01 9.852387810360472287e-01
1.001251564455569509e+00 9.908483783083029683e-01
1.126408010012515781e+00 9.968380327315842226e-01
1.251564455569461831e+00 1.004080499424204742e+00
1.376720901126408103e+00 1.010152048985638151e+00
1.501877346683354375e+00 1.016357926020866831e+00
1.627033792240300425e+00 1.022216897602565178e+00
1.752190237797246697e+00 1.028475291643798251e+00
1.877346683354192747e+00 1.034302214770027595e+00
2.002503128911139019e+00 1.038977880295958167e+00
2.127659574468085069e+00 1.045249937260930295e+00
2.252816020025031563e+00 1.050634179050954131e+00
2.377972465581977612e+00 1.057659369429564844e+00
2.503128911138923662e+00 1.062507856088579450e+00
2.628285356695870156e+00 1.068118173750259192e+00
2.753441802252816206e+00 1.073330226097266582e+00
2.878598247809762256e+00 1.078222972119270873e+00
3.003754693366708750e+00 1.082629755002340266e+00
3.128911138923654800e+00 1.088232352088672528e+00
3.254067584480600850e+00 1.092603040791085167e+00
3.379224030037546900e+00 1.096695216479818935e+00
3.504380475594493394e+00 1.100619484381320401e+00
3.629536921151439444e+00 1.105255977192290739e+00
3.754693366708385494e+00 1.107748477960422750e+00
3.879849812265331988e+00 1.112530561978353427e+00
4.005006257822278037e+00 1.116137689468281957e+00
4.130162703379224531e+00 1.118810820336049172e+00
4.255319148936170137e+00 1.121890805985934492e+00
4.380475594493116631e+00 1.125451883197590597e+00
4.505632040050063125e+00 1.128113709254637831e+00
4.630788485607008731e+00 1.130023796707382067e+00
4.755944931163955225e+00 1.132837504556182484e+00
4.881101376720901719e+00 1.134597427607667575e+00
5.006257822277847325e+00 1.137132194412381558e+00
5.131414267834793819e+00 1.139320618046129940e+00
5.256570713391740313e+00 1.140901922833546855e+00
5.381727158948685918e+00 1.141817873166750097e+00
5.506883604505632412e+00 1.143730202960396403e+00
5.632040050062578906e+00 1.144225698794206991e+00
5.757196495619524512e+00 1.145941657144478487e+00
5.882352941176471006e+00 1.146787172037122771e+00
6.007509386733417500e+00 1.147171517208131597e+00
6.132665832290363106e+00 1.147856951480901166e+00
6.257822277847309600e+00 1.147828265866733810e+00
6.382978723404255206e+00 1.148382187865620629e+00
6.508135168961201700e+00 1.147976008798923697e+00
6.633291614518148194e+00 1.147872014911355709e+00
6.758448060075093800e+00 1.147870382747963491e+00
6.883604505632040294e+00 1.146946995532628799e+00
7.008760951188986787e+00 1.146508996462598073e+00
7.133917396745932393e+00 1.145876572340861488e+00
7.259073842302878887e+00 1.144985269231172387e+00
7.384230287859825381e+00 1.143859119990829676e+00
7.509386733416770987e+00 1.142517296780316993e+00
7.634543178973717481e+00 1.140958381644301189e+00
7.759699624530663975e+00 1.139262063283249304e+00
7.884856070087609581e+00 1.137744356297069270e+00
8.010012515644556075e+00 1.135803060826802602e+00
8.135168961201502569e+00 1.133743152453710490e+00
8.260325406758449063e+00 1.131637631568611413e+00
8.385481852315393780e+00 1.129305657506546767e+00
8.510638297872340274e+00 1.126723559753453729e+00
8.635794743429286768e+00 1.124189960796226018e+00
8.760951188986233262e+00 1.121227891033278246e+00
8.886107634543179756e+00 1.118263748436525873e+00
9.011264080100126250e+00 1.114966917503717347e+00
9.136420525657070968e+00 1.112093500933259094e+00
9.261576971214017462e+00 1.108580821168125397e+00
9.386733416770963956e+00 1.105365949958544203e+00
9.511889862327910450e+00 1.101575756709749720e+00
9.637046307884856944e+00 1.097826007682183747e+00
9.762202753441803438e+00 1.093836005321219718e+00
9.887359198998748155e+00 1.089755612861291301e+00
1.001251564455569465e+01 1.085523158583821868e+00
1.013767209011264114e+01 1.081319381001319302e+00
1.026282853566958764e+01 1.076749018821003601e+00
1.038798498122653413e+01 1.072168834740890198e+00
1.051314142678348063e+01 1.067283899744680964e+00
1.063829787234042534e+01 1.062322713609725300e+00
1.076345431789737184e+01 1.057380140719423656e+00
1.088861076345431833e+01 1.052031052276953815e+00
1.101376720901126482e+01 1.046588535967197364e+00
1.113892365456821132e+01 1.041281568963989823e+00
1.126408010012515781e+01 1.035527675217730481e+00
1.138923654568210253e+01 1.029577701303223014e+00
1.151439299123904902e+01 1.023975308545619356e+00
1.163954943679599552e+01 1.017842337681949427e+00
1.176470588235294201e+01 1.011619633268323604e+00
1.188986232790988851e+01 1.005269560056795131e+00
1.201501877346683500e+01 9.987268741368733327e-01
1.214017521902377972e+01 9.920502428385853388e-01
1.226533166458072621e+01 9.853254293467296199e-01
1.239048811013767271e+01 9.781709336261001919e-01
1.251564455569461920e+01 9.710947185210982990e-01
1.264080100125156569e+01 9.637092501512727338e-01
1.276595744680851041e+01 9.564017300690681456e-01
1.289111389236545691e+01 9.486307598841881017e-01
1.301627033792240340e+01 9.411587130281650060e-01
1.314142678347934989e+01 9.332725833061816800e-01
1.326658322903629639e+01 9.249684678572586138e-01
1.339173967459324288e+01 9.169575367148620204e-01
1.351689612015018760e+01 9.086346289039739510e-01
1.364205256570713409e+01 9.000240623074595714e-01
1.376720901126408059e+01 8.912688384695948152e-01
1.389236545682102708e+01 8.819821914632327564e-01
1.401752190237797357e+01 8.732804226621018184e-01
1.414267834793492007e+01 8.638355603381751013e-01
1.426783479349186479e+01 8.544433606037615814e-01
1.439299123904881128e+01 8.447384380171777396e-01
1.451814768460575777e+01 8.347046273109889336e-01
1.464330413016270427e+01 8.249429311789744368e-01
1.476846057571965076e+01 8.146416965420475442e-01
1.489361702127659726e+01 8.039128070281872374e-01
1.501877346683354197e+01 7.934041609953635943e-01
1.514392991239048847e+01 7.823972109881340842e-01
1.526908635794743496e+01 7.714089902300054202e-01
1.539424280350438146e+01 7.596119081974649356e-01
1.551939924906132795e+01 7.483010409099662974e-01
1.564455569461827444e+01 7.362682179703500251e-01
1.576971214017521916e+01 7.241821222771323008e-01
1.589486858573216566e+01 7.116306986404562496e-01
1.602002503128911215e+01 6.990285195204434254e-01
1.614518147684605864e+01 6.857534665006594921e-01
1.627033792240300514e+01 6.724734011510131726e-01
1.639549436795995163e+01 6.587023325999294965e-01
1.652065081351689813e+01 6.444503467525074525e-01
1.664580725907384462e+01 6.299567685907356829e-01
1.677096370463078756e+01 6.149222271553848040e-01
1.689612015018773405e+01 5.994754455151178885e-01
1.702127659574468055e+01 5.834081673194666529e-01
1.714643304130162704e+01 5.668357718171322945e-01
1.727158948685857354e+01 5.493629219403574071e-01
1.739674593241552003e+01 5.314135679269497148e-01
1.752190237797246652e+01 5.126025657589867723e-01
1.764705882352941302e+01 4.927007706572268941e-01
1.777221526908635951e+01 4.712825471777053465e-01
1.789737171464330601e+01 4.477622349565778537e-01
1.802252816020025250e+01 4.193580686758725529e-01
1.814768460575719899e+01 3.946051342436843745e-01
1.827284105131414194e+01 3.675583315128272965e-01
1.839799749687108843e+01 3.217060515399006171e-01
1.852315394242803492e+01 2.937524597205783961e-01
1.864831038798498142e+01 2.811119837146501266e-01
1.877346683354192791e+01 2.604118837525611907e-01
1.889862327909887441e+01 2.517184723310396111e-01
1.902377972465582090e+01 2.387929865948773267e-01
1.914893617021276739e+01 2.107353922075405062e-01
1.927409261576971389e+01 1.993338006890755520e-01
1.939924906132666038e+01 1.831115283075428757e-01
1.952440550688360688e+01 1.693511424271484100e-01
1.964956195244055337e+01 1.527152946737079520e-01
1.977471839799749631e+01 1.411917266712229557e-01
1.989987484355444280e+01 1.187879861894221706e-01
2.002503128911138930e+01 1.108499116558933767e-01
2.015018773466833579e+01 1.008091391097813289e-01
2.027534418022528229e+01 9.253671837615826123e-02
2.040050062578222878e+01 7.693241854996457629e-02
2.052565707133917527e+01 6.617630525884105053e-02
2.065081351689612177e+01 6.060148806515964354e-02
2.077596996245306826e+01 5.229050176088548968e-02
2.090112640801001476e+01 4.673975718373137023e-02
2.102628285356696125e+01 3.586895914945101294e-02
2.115143929912390419e+01 3.271778996936348938e-02
2.127659574468085069e+01 2.034672403751619854e-02
2.140175219023779718e+01 6.194124402889552086e-03
2.152690863579474367e+01 -4.678152273083662112e-03
2.165206508135169017e+01 -1.341133999500576310e-02
2.177722152690863666e+01 -3.045832315959544345e-02
2.190237797246558316e+01 -3.981406428004728715e-02
2.202753441802252965e+01 -3.997069896386739457e-02
2.215269086357947614e+01 -4.001242432460628412e-02
2.227784730913642264e+01 -4.808076611517818344e-02
2.240300375469336913e+01 -6.439333909821709501e-02
2.252816020025031563e+01 -5.984584218389261967e-02
2.265331664580725857e+01 -6.239918661352255452e-02
2.277847309136420506e+01 -6.466179674058696036e-02
2.290362953692115155e+01 -7.454345098697237604e-02
2.302878598247809805e+01 -8.715143250877652181e-02
2.315394242803504454e+01 -1.027621650291296734e-01
2.327909887359199104e+01 -1.089513260907092329e-01
2.340425531914893753e+01 -1.149924308579230309e-01
2.352941176470588402e+01 -1.209028484389531449e-01
2.365456821026283052e+01 -1.208687908343240580e-01
2.377972465581977701e+01 -1.199871935079169366e-01
2.390488110137672351e+01 -1.289929813555730498e-01
2.403003754693367000e+01 -1.370432366162217808e-01
2.415519399249061294e+01 -1.578695437591881578e-01
2.428035043804755944e+01 -1.656307114391880608e-01
2.440550688360450593e+01 -1.658432127522712074e-01
2.453066332916145242e+01 -1.748350768721959048e-01
2.465581977471839892e+01 -1.858069708025309186e-01
2.478097622027534541e+01 -2.022637352877703354e-01
2.490613266583229191e+01 -2.136282692014089268e-01
2.503128911138923840e+01 -2.228087739107811049e-01
2.515644555694618489e+01 -2.226753715252051957e-01
2.528160200250313139e+01 -2.340729462586934873e-01
2.540675844806007788e+01 -2.354886447246339887e-01
2.553191489361702082e+01 -2.362381130860465306e-01
2.565707133917396732e+01 -2.432993084072599954e-01
2.578222778473091381e+01 -2.529857814114908066e-01
2.590738423028786030e+01 -2.603663169561320490e-01
2.603254067584480680e+01 -2.624110081491149993e-01
2.615769712140175329e+01 -2.629486061101162231e-01
2.628285356695869979e+01 -2.668647599379368462e-01
2.640801001251564628e+01 -2.762955379787027099e-01
2.653316645807259277e+01 -2.819611331354325845e-01
2.665832290362953927e+01 -2.852844543794161303e-01
2.678347934918648576e+01 -2.900501188810183928e-01
2.690863579474343226e+01 -3.033866743656770115e-01
2.703379224030037520e+01 -3.154561409151435125e-01
2.715894868585732169e+01 -3.201455644775269005e-01
2.728410513141426819e+01 -3.246386898913720676e-01
2.740926157697121468e+01 -3.305055086256211694e-01
2.753441802252816117e+01 -3.399584506143003004e-01
2.765957446808510767e+01 -3.487495082047530337e-01
2.778473091364205416e+01 -3.464812351982780592e-01
2.790988735919900066e+01 -3.555889158839006248e-01
2.803504380475594715e+01 -3.532878799584387997e-01
2.816020025031289364e+01 -3.541872242134629367e-01
2.828535669586984014e+01 -3.591383980965872080e-01
2.841051314142678308e+01 -3.680898097229360899e-01
2.853566958698372957e+01 -3.791138130425619202e-01
2.866082603254067607e+01 -3.906353342482645208e-01
2.878598247809762256e+01 -4.017456840662517736e-01
2.891113892365456906e+01 -4.139349336055102579e-01
2.903629536921151555e+01 -4.294392691130862194e-01
2.916145181476846204e+01 -4.399122527659509729e-01
2.928660826032540854e+01 -4.538104194687911930e-01
2.941176470588235503e+01 -4.729198894564212163e-01
2.953692115143930152e+01 -4.648926031887412047e-01
2.966207759699624802e+01 -4.714841198856375426e-01
2.978723404255319451e+01 -4.787508598828390527e-01
2.991239048811013745e+01 -4.850253637623958003e-01
3.003754693366708395e+01 -4.938916827111207719e-01
3.016270337922403044e+01 -5.051865484828435005e-01
3.028785982478097694e+01 -5.239368424559148751e-01
3.041301627033792343e+01 -5.231999117522966314e-01
3.053817271589486992e+01 -5.231515253661098708e-01
3.066332916145181642e+01 -5.319641056778473542e-01
3.078848560700876291e+01 -5.327731297592477322e-01
3.091364205256570941e+01 -5.394031859791872385e-01
3.103879849812265590e+01 -5.359718023334255621e-01
3.116395494367960239e+01 -5.333190436323501649e-01
3.128911138923654889e+01 -5.377050033894852366e-01
3.141426783479349183e+01 -5.360402407424734728e-01
3.153942428035043832e+01 -5.364073674316182094e-01
3.166458072590738482e+01 -5.421145894288638134e-01
3.178973717146433131e+01 -5.550142764524279571e-01
3.191489361702127781e+01 -5.575963087568733823e-01
3.204005006257822430e+01 -5.597657503634672072e-01
3.216520650813517079e+01 -5.614119417299689996e-01
3.229036295369211729e+01 -5.732135424554084535e-01
3.241551939924906378e+01 -5.776668999524487980e-01
3.254067584480601028e+01 -5.877480552568634664e-01
3.266583229036295677e+01 -5.843743675793949821e-01
3.279098873591990326e+01 -5.994380083926804659e-01
3.291614518147684976e+01 -5.921680171331537013e-01
3.304130162703379625e+01 -6.027858532604370989e-01
3.316645807259074274e+01 -6.001826126427954877e-01
3.329161451814768924e+01 -6.022129204240799227e-01
3.341677096370463573e+01 -6.056664875555984873e-01
3.354192740926157512e+01 -6.141544633623743366e-01
3.366708385481852162e+01 -6.139991358503812391e-01
3.379224030037546811e+01 -6.161337319646064126e-01
3.391739674593241460e+01 -6.214563894244555797e-01
3.404255319148936110e+01 -6.292051679696037958e-01
3.416770963704630759e+01 -6.441974938654129179e-01
3.429286608260325409e+01 -6.521164563763011124e-01
3.441802252816020058e+01 -6.571418879803531121e-01
3.454317897371714707e+01 -6.586723458530434616e-01
3.466833541927409357e+01 -6.632347692124634930e-01
3.479349186483104006e+01 -6.728611186632531549e-01
3.491864831038798656e+01 -6.842538226393436451e-01
3.504380475594493305e+01 -6.914328936058194985e-01
3.516896120150187954e+01 -7.016071929916208871e-01
3.529411764705882604e+01 -7.167443669570614517e-01
3.541927409261577253e+01 -7.308657342165730819e-01
3.554443053817271903e+01 -7.413004455544162097e-01
3.566958698372966552e+01 -7.502368916369438478e-01
3.579474342928661201e+01 -7.462857378374744277e-01
3.591989987484355851e+01 -7.508183714716633039e-01
3.604505632040050500e+01 -7.601653872758227237e-01
3.617021276595745150e+01 -7.793840737105528493e-01
3.629536921151439799e+01 -7.843469218112508745e-01
3.642052565707133738e+01 -7.910274174352058818e-01
3.654568210262828387e+01 -8.059361774810092083e-01
3.667083854818523037e+01 -8.064586501142088082e-01
3.679599499374217686e+01 -8.142351503155829118e-01
3.692115143929912335e+01 -8.261235317604226358e-01
3.704630788485606985e+01 -8.348216755275860157e-01
3.717146433041301634e+01 -8.449002931065298094e-01
3.729662077596996284e+01 -8.371226802627411701e-01
3.742177722152690933e+01 -8.409745990608047395e-01
3.754693366708385582e+01 -8.481678234704967956e-01
3.767209011264080232e+01 -8.483908643258029070e-01
3.779724655819774881e+01 -8.527384384643835746e-01
3.792240300375469531e+01 -8.646730052756612661e-01
3.804755944931164180e+01 -8.670787361531772097e-01
3.817271589486858829e+01 -8.710482464078752596e-01
3.829787234042553479e+01 -8.750564285776905038e-01
3.842302878598248128e+01 -8.801834433406481306e-01
3.854818523153942778e+01 -8.890634006671687128e-01
3.867334167709637427e+01 -9.038687725114102900e-01
3.879849812265332076e+01 -9.173399834586312140e-01
3.892365456821026726e+01 -9.251225997275908108e-01
3.904881101376721375e+01 -9.415197083882885787e-01
3.917396745932416025e+01 -9.432804077712908519e-01
3.929912390488110674e+01 -9.452377647503243940e-01
3.942428035043804613e+01 -9.516059073762948017e-01
3.954943679599499262e+01 -9.514193864926802080e-01
3.967459324155193912e+01 -9.643900197174587463e-01
3.979974968710888561e+01 -9.675045906534064377e-01
3.992490613266583210e+01 -9.723383709990108814e-01
4.005006257822277860e+01 -9.728658766162485705e-01
4.017521902377972509e+01 -9.799903694689130473e-01
4.030037546933667159e+01 -9.885891888529402260e-01
4.042553191489361808e+01 -9.879535384160876843e-01
4.055068836045056457e+01 -9.966541863196543005e-01
4.067584480600751107e+01 -1.001168801030535960e+00
4.080100125156445756e+01 -1.007556876520422140e+00
4.092615769712140406e+01 -1.005445742240152596e+00
4.105131414267835055e+01 -1.013107484215641341e+00
4.117647058823529704e+01 -1.016644518806889330e+00
4.130162703379224354e+01 -1.021843192670281342e+00
4.142678347934919003e+01 -1.030263781805669909e+00
4.155193992490613653e+01 -1.044507388309331875e+00
4.167709637046308302e+01 -1.043907424930310635e+00
4.180225281602002951e+01 -1.052888656410099655e+00
4.192740926157697601e+01 -1.060522046466408685e+00
4.205256570713392250e+01 -1.060088704498593382e+00
4.217772215269086900e+01 -1.075679917859439172e+00
4.230287859824780838e+01 -1.070241390908130308e+00
4.242803504380475488e+01 -1.067013548389437405e+00
4.255319148936170137e+01 -1.069847844147842730e+00
4.267834793491864787e+01 -1.074054235504787957e+00
4.280350438047559436e+01 -1.071822166931206910e+00
4.292866082603254085e+01 -1.083111030086192805e+00
4.305381727158948735e+01 -1.079068739691936285e+00
4.317897371714643384e+01 -1.082055465597193233e+00
4.330413016270338034e+01 -1.080791354444418761e+00
4.342928660826032683e+01 -1.081932446205008835e+00
4.355444305381727332e+01 -1.088426259132323715e+00
4.367959949937421982e+01 -1.092833066073512382e+00
4.380475594493116631e+01 -1.096581766736988595e+00
4.392991239048811281e+01 -1.098559037056970444e+00
4.405506883604505930e+01 -1.100543220728212201e+00
4.418022528160200579e+01 -1.104841036026372958e+00
4.430538172715895229e+01 -1.114251218949119604e+00
4.443053817271589878e+01 -1.121002817764800596e+00
4.455569461827284528e+01 -1.130586720185303706e+00
4.468085106382979177e+01 -1.134425849822521482e+00
4.480600750938673826e+01 -1.149426077319102957e+00
4.493116395494368476e+01 -1.156683635080557826e+00
4.505632040050063125e+01 -1.158093977174945888e+00
4.518147684605757064e+01 -1.166821230170570489e+00
4.530663329161451713e+01 -1.171604167093369231e+00
4.543178973717146363e+01 -1.186921859615138741e+00
4.555694618272841012e+01 -1.199574368875576225e+00
4.568210262828535662e+01 -1.200062506831072850e+00
4.580725907384230311e+01 -1.206961422876228207e+00
4.593241551939924960e+01 -1.204030149706373898e+00
4.605757196495619610e+01 -1.200010526290096857e+00
4.618272841051314259e+01 -1.207969777647046383e+00
4.630788485607008909e+01 -1.205473170431974994e+00
4.643304130162703558e+01 -1.208605813751639557e+00
4.655819774718398207e+01 -1.222241020997476113e+00
4.668335419274092857e+01 -1.223578841089515867e+00
4.680851063829787506e+01 -1.227515805924489722e+00
4.693366708385482156e+01 -1.230747316571473293e+00
4.705882352941176805e+01 -1.230113478342621747e+00
4.718397997496871454e+01 -1.236966062624969220e+00
4.730913642052566104e+01 -1.242796323208170906e+00
4.743429286608260753e+01 -1.247709715050646873e+00
4.755944931163955403e+01 -1.244782688271814930e+00
4.768460575719650052e+01 -1.248580954160173562e+00
4.780976220275344701e+01 -1.250949320930769160e+00
4.793491864831039351e+01 -1.260408352883530814e+00
4.806007509386734000e+01 -1.265351814253943052e+00
4.818523153942427939e+01 -1.273296898350778639e+00
4.831038798498122588e+01 -1.288564615628188248e+00
4.843554443053817238e+01 -1.293681837562264070e+00
4.856070087609511887e+01 -1.304676953111285176e+00
4.868585732165206537e+01 -1.308197041352426204e+00
4.881101376720901186e+01 -1.319105551418596978e+00
4.893617021276595835e+01 -1.334524452894618296e+00
4.906132665832290485e+01 -1.348839070838783183e+00
4.918648310387985134e+01 -1.351853725205584222e+00
4.931163954943679784e+01 -1.355071340343787289e+00
4.943679599499374433e+01 -1.369054691504433263e+00
4.956195244055069082e+01 -1.371010075943388973e+00
4.968710888610763732e+01 -1.373976450174280828e+00
4.981226533166458381e+01 -1.382540733995719195e+00
4.993742177722153031e+01 -1.388660221623214452e+00
5.006257822277847680e+01 -1.398243742021596070e+00
5.018773466833542329e+01 -1.398411949206256777e+00
5.031289111389236979e+01 -1.410145253731529547e+00
5.043804755944931628e+01 -1.420572908498209497e+00
5.056320400500626278e+01 -1.423056797014646158e+00
5.068836045056320927e+01 -1.431051040703327892e+00
5.081351689612015576e+01 -1.443557671153162136e+00
5.093867334167710226e+01 -1.465606825962706861e+00
5.106382978723404165e+01 -1.472065299902299174e+00
5.118898623279098814e+01 -1.487490357391790141e+00
5.131414267834793463e+01 -1.507233821144386976e+00
5.143929912390488113e+01 -1.519150163574672696e+00
5.156445556946182762e+01 -1.525764458569702997e+00
5.168961201501877412e+01 -1.533826203921692777e+00
5.181476846057572061e+01 -1.536663842449184303e+00
5.193992490613266710e+01 -1.544790483206028631e+00
5.206508135168961360e+01 -1.544187623440745005e+00
5.219023779724656009e+01 -1.547342263672734308e+00
5.231539424280350659e+01 -1.554714181718183763e+00
5.244055068836045308e+01 -1.555863276010381879e+00
5.256570713391739957e+01 -1.554708333483272975e+00
5.269086357947434607e+01 -1.566125677174093456e+00
5.281602002503129256e+01 -1.556044973154653288e+00
5.294117647058823906e+01 -1.559254950603990997e+00
5.306633291614518555e+01 -1.550409783030618716e+00
5.319148936170213204e+01 -1.547802101863790192e+00
5.331664580725907854e+01 -1.548010525077362809e+00
5.344180225281602503e+01 -1.541263494411273305e+00
5.356695869837297153e+01 -1.547002337847287246e+00
5.369211514392991802e+01 -1.541680314482502423e+00
5.381727158948686451e+01 -1.542926891726309924e+00
5.394242803504380390e+01 -1.541482871493221163e+00
5.406758448060075040e+01 -1.542436643710645816e+00
5.419274092615769689e+01 -1.543218870800189713e+00
5.431789737171464338e+01 -1.544547347126381087e+00
5.444305381727158988e+01 -1.536776186741422690e+00
5.456821026282853637e+01 -1.539241871701940934e+00
5.469336670838548287e+01 -1.531826780119637688e+00
5.481852315394242936e+01 -1.526066399145553865e+00
5.494367959949937585e+01 -1.522527728288895155e+00
5.506883604505632235e+01 -1.527463228512848437e+00
5.519399249061326884e+01 -1.524488612663363440e+00
5.531914893617021534e+01 -1.529032870347332373e+00
5.544430538172716183e+01 -1.536342411760620585e+00
5.556946182728410832e+01 -1.542415002920689115e+00
5.569461827284105482e+01 -1.534023569252135122e+00
5.581977471839800131e+01 -1.526596998026525487e+00
5.594493116395494781e+01 -1.522851378349572071e+00
5.607008760951189430e+01 -1.525960669945930270e+00
5.619524405506884079e+01 -1.528229756115882187e+00
5.632040050062578729e+01 -1.525253070526196630e+00
5.644555694618273378e+01 -1.519073119752577306e+00
5.657071339173968028e+01 -1.514127364264568953e+00
5.669586983729662677e+01 -1.508477101339101623e+00
5.682102628285356616e+01 -1.509060436560741181e+00
5.694618272841051265e+01 -1.509063147357155632e+00
5.707133917396745915e+01 -1.512306098357536488e+00
5.719649561952440564e+01 -1.512514295233394312e+00
5.732165206508135213e+01 -1.502017266865208533e+00
5.744680851063829863e+01 -1.497789096671589437e+00
5.757196495619524512e+01 -1.492293137029799599e+00
5.769712140175219162e+01 -1.492374277395783766e+00
5.782227784730913811e+01 -1.491812537754784840e+00
5.794743429286608460e+01 -1.491930606342404264e+00
5.807259073842303110e+01 -1.492291913259764291e+00
5.819774718397997759e+01 -1.485254956858530484e+00
5.832290362953692409e+01 -1.475470978217396478e+00
5.844806007509387058e+01 -1.473524168564683379e+00
5.857321652065081707e+01 -1.469015970655922043e+00
5.869837296620776357e+01 -1.469100067582537639e+00
5.882352941176471006e+01 -1.464801280216490920e+00
5.894868585732165656e+01 -1.466895226217774129e+00
5.907384230287860305e+01 -1.464700999051053332e+00
5.919899874843554954e+01 -1.463019586612004153e+00
5.932415519399249604e+01 -1.462786538222314414e+00
5.944931163954944253e+01 -1.463333401137389744e+00
5.957446808510638903e+01 -1.463440458437430980e+00
5.969962453066333552e+01 -1.465906611156495565e+00
5.982478097622027491e+01 -1.469807359859287121e+00
5.994993742177722140e+01 -1.471435386522772282e+00
6.007509386733416790e+01 -1.474443955985796251e+00
6.020025031289111439e+01 -1.480501385118367041e+00
6.032540675844806088e+01 -1.487361216762478788e+00
6.045056320400500738e+01 -1.489617958107536611e+00
6.057571964956195387e+01 -1.495119277666905777e+00
6.070087609511890037e+01 -1.497627762920928696e+00
6.082603254067584686e+01 -1.494023323054425090e+00
6.095118898623279335e+01 -1.495957855634886258e+00
6.107634543178973985e+01 -1.501173745037043705e+00
6.120150187734668634e+01 -1.495935990104326541e+00
6.132665832290363284e+01 -1.494830755916864540e+00
6.145181476846057933e+01 -1.497955133312008025e+00
6.157697121401752582e+01 -1.498967159090903500e+00
6.170212765957447232e+01 -1.496939758032075352e+00
6.182728410513141881e+01 -1.491011503624486201e+00
6.195244055068836531e+01 -1.485764535704479528e+00
6.207759699624531180e+01 -1.480790563630623780e+00
6.220275344180225829e+01 -1.485247623854301535e+00
6.232790988735920479e+01 -1.485362045928206864e+00
6.245306633291615128e+01 -1.484408964555202548e+00
6.257822277847309778e+01 -1.481566042859384869e+00
6.270337922403003716e+01 -1.475445660062985276e+00
6.282853566958698366e+01 -1.476398937457511940e+00
6.295369211514393015e+01 -1.470067497429510039e+00
6.307884856070087665e+01 -1.472237039604189057e+00
6.320400500625782314e+01 -1.471516072702984124e+00
6.332916145181476963e+01 -1.471299893921287127e+00
6.345431789737171613e+01 -1.466723335535745631e+00
6.357947434292866262e+01 -1.463189716591920764e+00
6.370463078848560912e+01 -1.460201644337024929e+00
6.382978723404255561e+01 -1.462381119865807877e+00
6.395494367959950210e+01 -1.468266302858551864e+00
6.408010012515644860e+01 -1.466598657130658623e+00
6.420525657071338799e+01 -1.469363307674895758e+00
6.433041301627034159e+01 -1.475921840971077481e+00
6.445556946182728097e+01 -1.468584607377001028e+00
6.458072590738423457e+01 -1.477613256683707244e+00
6.470588235294117396e+01 -1.476114518049904234e+00
6.483103879849812756e+01 -1.481642888871007369e+00
6.495619524405506695e+01 -1.483644534199713982e+00
6.508135168961202055e+01 -1.484362313605993577e+00
6.520650813516895994e+01 -1.488992992674537330e+00
6.533166458072591354e+01 -1.493978766094638866e+00
6.545682102628285293e+01 -1.494018644749620872e+00
6.558197747183980653e+01 -1.494673023741627027e+00
6.570713391739674591e+01 -1.492128391525716413e+00
6.583229036295369951e+01 -1.496155556253071284e+00
6.595744680851063890e+01 -1.499284046326702313e+00
6.608260325406759250e+01 -1.503456564353144564e+00
6.620775969962453189e+01 -1.512724782000488322e+00
6.633291614518148549e+01 -1.518079177880623964e+00
6.645807259073842488e+01 -1.516911073255694964e+00
6.658322903629537848e+01 -1.518609592345931736e+00
6.670838548185231787e+01 -1.522290048040612520e+00
6.683354192740927147e+01 -1.514428252246005968e+00
6.695869837296621085e+01 -1.516753594321279097e+00
6.708385481852315024e+01 -1.521582542819515105e+00
6.720901126408010384e+01 -1.526125547760996071e+00
6.733416770963704323e+01 -1.531096666712592036e+00
6.745932415519399683e+01 -1.526943894495678578e+00
6.758448060075093622e+01 -1.527341302579001914e+00
6.770963704630788982e+01 -1.524619268392018778e+00
6.783479349186482921e+01 -1.523525125558554905e+00
6.795994993742178281e+01 -1.528448262741758823e+00
6.808510638297872219e+01 -1.524497844023322335e+00
6.821026282853567579e+01 -1.521921965826096734e+00
6.833541927409261518e+01 -1.517213511192657904e+00
6.846057571964956878e+01 -1.517645534467948032e+00
6.858573216520650817e+01 -1.517704064238405426e+00
6.871088861076346177e+01 -1.527151409727526721e+00
6.883604505632040116e+01 -1.528735228802696078e+00
6.896120150187735476e+01 -1.541799832565995398e+00
6.908635794743429415e+01 -1.548273412114114622e+00
6.921151439299124775e+01 -1.539092070243368360e+00
6.933667083854818713e+01 -1.547168294847228731e+00
6.946182728410514073e+01 -1.542391728324208344e+00
6.958698372966208012e+01 -1.540537941496758823e+00
6.971214017521903372e+01 -1.545009761000725845e+00
6.983729662077597311e+01 -1.536188880239157450e+00
6.996245306633291250e+01 -1.538694395756447397e+00
7.008760951188986610e+01 -1.542135094130090200e+00
7.021276595744680549e+01 -1.547200629247178938e+00
7.033792240300375909e+01 -1.544820061211287232e+00
7.046307884856069848e+01 -1.543266746435998593e+00
7.058823529411765207e+01 -1.544596914659069453e+00
7.071339173967459146e+01 -1.545845511374259740e+00
7.083854818523154506e+01 -1.550679285758593373e+00
7.096370463078848445e+01 -1.557680310600994655e+00
7.108886107634543805e+01 -1.562076843191875231e+00
7.121401752190237744e+01 -1.555457431621448006e+00
7.133917396745933104e+01 -1.553640881169431998e+00
7.146433041301627043e+01 -1.555029650418139564e+00
7.158948685857322403e+01 -1.561500015837003819e+00
7.171464330413016341e+01 -1.553947303269259450e+00
7.183979974968711701e+01 -1.550612065361026692e+00
7.196495619524405640e+01 -1.553626181765971337e+00
7.209011264080101000e+01 -1.562737307760952987e+00
7.221526908635794939e+01 -1.565733911975462522e+00
7.234042553191490299e+01 -1.569363003439224968e+00
7.246558197747184238e+01 -1.576062135884241489e+00
7.259073842302879598e+01 -1.572661847572300209e+00
7.271589486858573537e+01 -1.576394374319492364e+00
7.284105131414267476e+01 -1.576894385089847805e+00
7.296620775969962835e+01 -1.579195097451004282e+00
7.309136420525656774e+01 -1.583433069105913082e+00
7.321652065081352134e+01 -1.579426266057361694e+00
7.334167709637046073e+01 -1.586589673479468443e+00
7.346683354192741433e+01 -1.582466692711449463e+00
7.359198998748435372e+01 -1.585120823127655232e+00
7.371714643304130732e+01 -1.578221260559226957e+00
7.384230287859824671e+01 -1.575902486847773565e+00
7.396745932415520031e+01 -1.573532595930370093e+00
7.409261576971213970e+01 -1.570822257558601276e+00
7.421777221526909329e+01 -1.568693713966800019e+00
7.434292866082603268e+01 -1.576092805369702976e+00
7.446808510638298628e+01 -1.580512134767480648e+00
7.459324155193992567e+01 -1.576638750354977470e+00
7.471839799749687927e+01 -1.587461785052284302e+00
7.484355444305381866e+01 -1.582873276527920314e+00
7.496871088861077226e+01 -1.582507426989828270e+00
7.509386733416771165e+01 -1.584113379629100260e+00
7.521902377972466525e+01 -1.580043521068520862e+00
7.534418022528160463e+01 -1.574017726372010095e+00
7.546933667083855823e+01 -1.574412724676511388e+00
7.559449311639549762e+01 -1.573651071410509639e+00
7.571964956195245122e+01 -1.574614355265206767e+00
7.584480600750939061e+01 -1.570851611621545185e+00
7.596996245306633000e+01 -1.567848201405312780e+00
7.609511889862328360e+01 -1.565166992272681190e+00
7.622027534418022299e+01 -1.565219459517317446e+00
7.634543178973717659e+01 -1.570678410966264815e+00
7.647058823529411598e+01 -1.566111361197550345e+00
7.659574468085106957e+01 -1.570403148894099044e+00
7.672090112640800896e+01 -1.575753695290358580e+00
7.684605757196496256e+01 -1.575755469214042082e+00
7.697121401752190195e+01 -1.580489461880306257e+00
7.709637046307885555e+01 -1.588607884936229286e+00
7.722152690863579494e+01 -1.590732761508065529e+00
7.734668335419274854e+01 -1.593998722738011686e+00
7.747183979974968793e+01 -1.597966419740974864e+00
7.759699624530664153e+01 -1.607427260653645051e+00
7.772215269086358091e+01 -1.606126208320440174e+00
7.784730913642053451e+01 -1.599216013798651304e+00
7.797246558197747390e+01 -1.607811314695860805e+00
7.809762202753442750e+01 -1.614803722938136898e+00
7.822277847309136689e+01 -1.609515806214448563e+00
7.834793491864832049e+01 -1.610228620698621604e+00
7.847309136420525988e+01 -1.605378661632415271e+00
7.859824780976221348e+01 -1.601566082234147093e+00
7.872340425531915287e+01 -1.606527588368913184e+00
7.884856070087609226e+01 -1.602117558498208805e+00
7.897371714643304585e+01 -1.604574262382773897e+00
7.909887359198998524e+01 -1.595785623802200792e+00
7.922403003754693884e+01 -1.595078696658198680e+00
7.934918648310387823e+01 -1.592465115848184176e+00
7.947434292866083183e+01 -1.590873697935858422e+00
7.959949937421777122e+01 -1.587246703842296602e+00
7.972465581977472482e+01 -1.595273280182472941e+00
7.984981226533166421e+01 -1.595837482184737199e+00
7.997496871088861781e+01 -1.588657964338635153e+00
8.010012515644555720e+01 -1.587575325187086772e+00
8.022528160200251079e+01 -1.586526807108946890e+00
8.035043804755945018e+01 -1.593557993262582295e+00
8.047559449311640378e+01 -1.590804172313971421e+00
8.060075093867334317e+01 -1.591111816787015965e+00
8.072590738423029677e+01 -1.597322849894922348e+00
8.085106382978723616e+01 -1.596056018296404533e+00
8.097622027534418976e+01 -1.599105256041425394e+00
8.110137672090112915e+01 -1.593572500374242251e+00
8.122653316645808275e+01 -1.591284253042896113e+00
8.135168961201502213e+01 -1.588231746442647641e+00
8.147684605757197573e+01 -1.597396755613866626e+00
8.160200250312891512e+01 -1.596413927248183651e+00
8.172715894868585451e+01 -1.591101962546788151e+00
8.185231539424280811e+01 -1.600080946891090150e+00
8.197747183979974750e+01 -1.590585938363383356e+00
8.210262828535670110e+01 -1.590721698208492629e+00
8.222778473091364049e+01 -1.586972988643512883e+00
8.235294117647059409e+01 -1.587850214345962740e+00
8.247809762202753348e+01 -1.588894444868772515e+00
8.260325406758448707e+01 -1.595368495401382480e+00
8.272841051314142646e+01 -1.589669756179665105e+00
8.285356695869838006e+01 -1.592298148781165823e+00
8.297872340425531945e+01 -1.594722395473779253e+00
8.310387984981227305e+01 -1.599259726560039452e+00
8.322903629536921244e+01 -1.592311373250667739e+00
8.335419274092616604e+01 -1.590334996393600653e+00
8.347934918648310543e+01 -1.593838300584431211e+00
8.360450563204005903e+01 -1.591907192218386280e+00
8.372966207759699842e+01 -1.589865243760288704e+00
8.385481852315395201e+01 -1.587111641940165407e+00
8.397997496871089140e+01 -1.583999001448567201e+00
8.410513141426784500e+01 -1.590622467207357671e+00
8.423028785982478439e+01 -1.583082687391329291e+00
8.435544430538173799e+01 -1.581004471174292547e+00
8.448060075093867738e+01 -1.583948969756103997e+00
8.460575719649561677e+01 -1.583428262671970899e+00
8.473091364205257037e+01 -1.584876456446597581e+00
8.485607008760950976e+01 -1.582368553705119973e+00
8.498122653316646335e+01 -1.581565362865180457e+00
8.510638297872340274e+01 -1.579740690400856851e+00
8.523153942428035634e+01 -1.581541080805577204e+00
8.535669586983729573e+01 -1.577171555286952520e+00
8.548185231539424933e+01 -1.579808969125175544e+00
8.560700876095118872e+01 -1.578325619496063759e+00
8.573216520650814232e+01 -1.580342477065816542e+00
8.585732165206508171e+01 -1.578710171448670430e+00
8.598247809762203531e+01 -1.586756695877753476e+00
8.610763454317897470e+01 -1.585611667013381076e+00
8.623279098873592829e+01 -1.591036766556068294e+00
8.635794743429286768e+01 -1.589028260493300593e+00
8.648310387984982128e+01 -1.590498751929644294e+00
8.660826032540676067e+01 -1.588339205288441525e+00
8.673341677096371427e+01 -1.586859699210724894e+00
8.685857321652065366e+01 -1.587362442061483803e+00
8.698372966207760726e+01 -1.591450770213828969e+00
8.710888610763454665e+01 -1.594145439192858227e+00
8.723404255319150025e+01 -1.590858348119619459e+00
8.735919899874843964e+01 -1.594270849175280613e+00
8.748435544430537902e+01 -1.596681264002305589e+00
8.760951188986233262e+01 -1.596511003324757816e+00
8.773466833541927201e+01 -1.607240097698402925e+00
8.785982478097622561e+01 -1.608841689499863614e+00
8.798498122653316500e+01 -1.607475936346610679e+00
8.811013767209011860e+01 -1.614889016914633046e+00
8.823529411764705799e+01 -1.619071186812580443e+00
8.836045056320401159e+01 -1.625949018439993843e+00
8.848560700876095098e+01 -1.633366432825591019e+00
8.861076345431790457e+01 -1.639348738227242697e+00
8.873591989987484396e+01 -1.642585692317255708e+00
8.886107634543179756e+01 -1.640955794539829427e+00
8.898623279098873695e+01 -1.641894175964148550e+00
8.911138923654569055e+01 -1.649104523684948642e+00
8.923654568210262994e+01 -1.651451417324875326e+00
8.936170212765958354e+01 -1.650816430048158034e+00
8.948685857321652293e+01 -1.651485375386955612e+00
8.961201501877347653e+01 -1.655721353773973892e+00
8.973717146433041592e+01 -1.657724108913239069e+00
8.986232790988736951e+01 -1.653976793837196979e+00
8.998748435544430890e+01 -1.657784479251856347e+00
9.011264080100126250e+01 -1.652049934059137470e+00
9.023779724655820189e+01 -1.655811338345496653e+00
9.036295369211514128e+01 -1.657096983818388436e+00
9.048811013767209488e+01 -1.664799968635670702e+00
9.061326658322903427e+01 -1.673215455106018323e+00
9.073842302878598787e+01 -1.675008694995498981e+00
9.086357947434292726e+01 -1.678483659092618430e+00
9.098873591989988086e+01 -1.682444532367506351e+00
9.111389236545682024e+01 -1.690283595887385637e+00
9.123904881101377384e+01 -1.681084728131029937e+00
9.136420525657071323e+01 -1.678865425163791558e+00
9.148936170212766683e+01 -1.678863536368679910e+00
9.161451814768460622e+01 -1.679437635931527506e+00
9.173967459324155982e+01 -1.679036602552173019e+00
9.186483103879849921e+01 -1.676063671229043761e+00
9.198998748435545281e+01 -1.678919884951418862e+00
9.211514392991239220e+01 -1.673168951273389826e+00
9.224030037546934579e+01 -1.676693345081540443e+00
9.236545682102628518e+01 -1.682842614258230673e+00
9.249061326658323878e+01 -1.680720501629701769e+00
9.261576971214017817e+01 -1.673653818680811867e+00
9.274092615769713177e+01 -1.678546762336918574e+00
9.286608260325407116e+01 -1.674649814063718267e+00
9.299123904881102476e+01 -1.677445127840719641e+00
9.311639549436796415e+01 -1.680736475653858752e+00
9.324155193992490354e+01 -1.676798584870032860e+00
9.336670838548185714e+01 -1.683298683228037440e+00
9.349186483103879652e+01 -1.680418590307555915e+00
9.361702127659575012e+01 -1.686096137983554843e+00
9.374217772215268951e+01 -1.692172806319421907e+00
9.386733416770964311e+01 -1.693135138481673074e+00
9.399249061326658250e+01 -1.686620255914728084e+00
9.411764705882353610e+01 -1.686579124307629796e+00
9.424280350438047549e+01 -1.684203726141226154e+00
9.436795994993742909e+01 -1.681080659297917945e+00
9.449311639549436848e+01 -1.687779225200307653e+00
9.461827284105132208e+01 -1.688053369393811343e+00
9.474342928660826146e+01 -1.686410975628042097e+00
9.486858573216521506e+01 -1.677372417597178256e+00
9.499374217772215445e+01 -1.677129102392123983e+00
9.511889862327910805e+01 -1.678271259585310426e+00
9.524405506883604744e+01 -1.673178473634718166e+00
9.536921151439300104e+01 -1.672389080917996873e+00
9.549436795994994043e+01 -1.668920993432744471e+00
9.561952440550689403e+01 -1.670006453987988193e+00
9.574468085106383342e+01 -1.667639258849753059e+00
9.586983729662078701e+01 -1.665598485099418546e+00
9.599499374217772640e+01 -1.670333504451529283e+00
9.612015018773468000e+01 -1.674368301087330035e+00
9.624530663329161939e+01 -1.677334235740467472e+00
9.637046307884855878e+01 -1.686639162912494161e+00
9.649561952440551238e+01 -1.680517228809010666e+00
9.662077596996245177e+01 -1.686094600276441646e+00
9.674593241551940537e+01 -1.684707910415782051e+00
9.687108886107634476e+01 -1.686573166983794003e+00
9.699624530663329836e+01 -1.687473796891204803e+00
9.712140175219023774e+01 -1.689266107060012789e+00
9.724655819774719134e+01 -1.698948844985573858e+00
9.737171464330413073e+01 -1.695148734881316788e+00
9.749687108886108433e+01 -1.701485650198496291e+00
9.762202753441802372e+01 -1.696545469181919064e+00
9.774718397997497732e+01 -1.695347912451403483e+00
9.787234042553191671e+01 -1.696297084057598603e+00
9.799749687108887031e+01 -1.699297928535180802e+00
9.812265331664580970e+01 -1.707730782453981133e+00
9.824780976220276330e+01 -1.706372848962714572e+00
9.837296620775970268e+01 -1.706957721945133288e+00
9.849812265331665628e+01 -1.711384039141779168e+00
9.862327909887359567e+01 -1.716092058884460370e+00
9.874843554443054927e+01 -1.711287416371749748e+00
9.887359198998748866e+01 -1.706663364750578893e+00
9.899874843554444226e+01 -1.704484357599671984e+00
9.912390488110138165e+01 -1.706521563482074511e+00
9.924906132665832104e+01 -1.701490829289039164e+00
9.937421777221527464e+01 -1.702619831679266227e+00
9.949937421777221402e+01 -1.711439908215621752e+00
9.962453066332916762e+01 -1.715007795552027980e+00
9.974968710888610701e+01 -1.708860990622434572e+00
9.987484355444306061e+01 -1.706634103905521727e+00
1.000000000000000000e+02 -1.712772540692483414e+00
