# r   Lambda(r)
0.000000000000000000e+00 9.441093633358047521e-01
1.251564455569461887e-01 -1.787426472500023733e+00
2.503128911138923773e-01 -3.326826741819870925e+00
3.754693366708385938e-01 -3.416391480809806147e+00
5.006257822277847547e-01 -3.661083217927734612e+00
6.257822277847309156e-01 -3.684847942200184079e+00
7.509386733416771875e-01 -3.607037694066520306e+00
8.760951188986233484e-01 -3.533665406248100105e+00
1.001251564455569509e+00 -3.426803365402286694e+00
1.126408010012515781e+00 -3.314786455490639216e+00
1.251564455569461831e+00 -3.243680588857502212e+00
1.376720901126408103e+00 -3.177692187083636544e+00
1.501877346683354375e+00 -3.128282235255749111e+00
1.627033792240300425e+00 -3.084794321758756119e+00
1.752190237797246697e+00 -3.052239390699401866e+00
1.877346683354192747e+00 -3.023737815814113716e+00
2.002503128911139019e+00 -2.995533973885634804e+00
2.127659574468085069e+00 -2.973192441584659118e+00
2.252816020025031563e+00 -2.953415157702071969e+00
2.377972465581977612e+00 -2.938895210766046873e+00
2.503128911138923662e+00 -2.913912836681524787e+00
2.628285356695870156e+00 -2.876325870930539264e+00
2.753441802252816206e+00 -2.765380917937237726e+00
2.878598247809762256e+00 -2.648475106585886252e+00
3.003754693366708750e+00 -2.534513016581289246e+00
3.128911138923654800e+00 -2.423055155257336502e+00
3.254067584480600850e+00 -2.307774329877861241e+00
3.379224030037546900e+00 -2.194725006428856151e+00
3.504380475594493394e+00 -2.079245286095783296e+00
3.629536921151439444e+00 -1.960914364087332773e+00
3.754693366708385494e+00 -1.849314009830420824e+00
3.879849812265331988e+00 -1.732848336788642252e+00
4.005006257822278037e+00 -1.616687919628473580e+00
4.130162703379224531e+00 -1.500513885703618433e+00
4.255319148936170137e+00 -1.383251100122123933e+00
4.380475594493116631e+00 -1.269421011902681196e+00
4.505632040050063125e+00 -1.152734016610044154e+00
4.630788485607008731e+00 -1.036806209223108732e+00
4.755944931163955225e+00 -9.181368982295886605e-01
4.881101376720901719e+00 -8.026337776330224605e-01
5.006257822277847325e+00 -6.866661948401975302e-01
5.131414267834793819e+00 -5.696724367552197243e-01
5.256570713391740313e+00 -4.522327964139037926e-01
5.381727158948685918e+00 -3.357923043740123625e-01
5.506883604505632412e+00 -2.190893709983117443e-01
5.632040050062578906e+00 -1.019522659595212266e-01
5.757196495619524512e+00 1.547306533659633700e-02
5.882352941176471006e+00 1.308833258045665471e-01
6.007509386733417500e+00 2.485733312481753221e-01
6.132665832290363106e+00 3.636011064785084068e-01
6.257822277847309600e+00 4.825974876957556114e-01
6.382978723404255206e+00 5.983393544425398280e-01
6.508135168961201700e+00 7.153437850805750564e-01
6.633291614518148194e+00 8.327397589431483338e-01
6.758448060075093800e+00 9.490307873222657564e-01
6.883604505632040294e+00 1.066544974002905821e+00
7.008760951188986787e+00 1.181598917388770875e+00
7.133917396745932393e+00 1.298798641392760800e+00
7.259073842302878887e+00 1.417834588545215491e+00
7.384230287859825381e+00 1.533184661596452614e+00
7.509386733416770987e+00 1.650044307564208612e+00
7.634543178973717481e+00 1.768226131245150379e+00
7.759699624530663975e+00 1.885581936042478590e+00
7.884856070087609581e+00 2.000943165144614788e+00
8.010012515644556075e+00 2.118870335288485229e+00
8.135168961201502569e+00 2.235076330465791905e+00
8.260325406758449063e+00 2.351812230473876220e+00
8.385481852315393780e+00 2.467946221719875322e+00
8.510638297872340274e+00 2.585205208346548655e+00
8.635794743429286768e+00 2.698657392019867540e+00
8.760951188986233262e+00 2.818968008838901085e+00
8.886107634543179756e+00 2.935579693535799617e+00
9.011264080100126250e+00 3.052262363364659947e+00
9.136420525657070968e+00 3.168070459757151625e+00
9.261576971214017462e+00 3.285730662705893312e+00
9.386733416770963956e+00 3.401556600805806241e+00
9.511889862327910450e+00 3.518143849453674310e+00
9.637046307884856944e+00 3.634349091767202999e+00
9.762202753441803438e+00 3.750837521136436425e+00
9.887359198998748155e+00 3.866598495966723892e+00
1.001251564455569465e+01 3.984132420530860585e+00
1.013767209011264114e+01 4.098876707546429188e+00
1.026282853566958764e+01 4.216105603744710884e+00
1.038798498122653413e+01 4.332435810247738495e+00
1.051314142678348063e+01 4.449303515588895586e+00
1.063829787234042534e+01 4.564505220896983850e+00
1.076345431789737184e+01 4.679730551121556559e+00
1.088861076345431833e+01 4.797538077908303222e+00
1.101376720901126482e+01 4.913962844448335865e+00
1.113892365456821132e+01 5.029628277823915639e+00
1.126408010012515781e+01 5.144506382418727597e+00
1.138923654568210253e+01 5.262096097684183071e+00
1.151439299123904902e+01 5.377496410727493625e+00
1.163954943679599552e+01 5.493902112508009417e+00
1.176470588235294201e+01 5.609597907439930253e+00
1.188986232790988851e+01 5.725849873418031422e+00
1.201501877346683500e+01 5.838973688544649931e+00
1.214017521902377972e+01 5.956641832420985772e+00
1.226533166458072621e+01 6.072570676566844128e+00
1.239048811013767271e+01 6.187956087772737312e+00
1.251564455569461920e+01 6.303824325201657253e+00
1.264080100125156569e+01 6.418001962304674457e+00
1.276595744680851041e+01 6.535788767080954464e+00
1.289111389236545691e+01 6.651186567723565091e+00
1.301627033792240340e+01 6.766463390072195772e+00
1.314142678347934989e+01 6.881997160620743514e+00
1.326658322903629639e+01 6.997087721367714508e+00
1.339173967459324288e+01 7.111393564341090823e+00
1.351689612015018760e+01 7.228948770758606202e+00
1.364205256570713409e+01 7.344625786141404156e+00
1.376720901126408059e+01 7.460323879486358223e+00
1.389236545682102708e+01 7.574910159315670910e+00
1.401752190237797357e+01 7.689766352947532191e+00
1.414267834793492007e+01 7.803921426901514025e+00
1.426783479349186479e+01 7.920886919465301546e+00
1.439299123904881128e+01 8.036355907052865177e+00
1.451814768460575777e+01 8.151314694977191522e+00
1.464330413016270427e+01 8.264236729340726839e+00
1.476846057571965076e+01 8.380875354956806689e+00
1.489361702127659726e+01 8.496411595917066961e+00
1.501877346683354197e+01 8.609314848066157211e+00
1.514392991239048847e+01 8.724575956370923535e+00
1.526908635794743496e+01 8.841609947535518543e+00
1.539424280350438146e+01 8.957214733705479048e+00
1.551939924906132795e+01 9.069966686120116250e+00
1.564455569461827444e+01 9.185828561764486366e+00
1.576971214017521916e+01 9.301551024484819408e+00
1.589486858573216566e+01 9.415798454175648757e+00
1.602002503128911215e+01 9.530408195066897292e+00
1.614518147684605864e+01 9.645792080686071301e+00
1.627033792240300514e+01 9.760478450312437104e+00
1.639549436795995163e+01 9.874738361326146574e+00
1.652065081351689813e+01 9.988865432577556547e+00
1.664580725907384462e+01 1.010291782864132948e+01
1.677096370463078756e+01 1.021858408805364427e+01
1.689612015018773405e+01 1.033234976014519901e+01
1.702127659574468055e+01 1.044743776863079532e+01
1.714643304130162704e+01 1.056211818375660272e+01
1.727158948685857354e+01 1.067665210377307083e+01
1.739674593241552003e+01 1.079025794342593692e+01
1.752190237797246652e+01 1.090431947777633681e+01
1.764705882352941302e+01 1.101981605005166465e+01
1.777221526908635951e+01 1.113205109314236552e+01
1.789737171464330601e+01 1.124711121408993364e+01
1.802252816020025250e+01 1.135876420157458888e+01
1.814768460575719899e+01 1.147474243330429644e+01
1.827284105131414194e+01 1.159056897293403665e+01
1.839799749687108843e+01 1.170410113326826718e+01
1.852315394242803492e+01 1.181818778835246597e+01
1.864831038798498142e+01 1.193148975373709497e+01
1.877346683354192791e+01 1.204591469465332487e+01
1.889862327909887441e+01 1.216063476276976196e+01
1.902377972465582090e+01 1.227052716277832189e+01
1.914893617021276739e+01 1.238819199341527622e+01
1.927409261576971389e+01 1.249933838581920575e+01
1.939924906132666038e+01 1.261496487676475198e+01
1.952440550688360688e+01 1.272874271506353416e+01
1.964956195244055337e+01 1.284342701251852503e+01
1.977471839799749631e+01 1.295497169729295450e+01
1.989987484355444280e+01 1.306880771736926405e+01
2.002503128911138930e+01 1.318301251261519980e+01
2.015018773466833579e+01 1.329791264855315269e+01
2.027534418022528229e+01 1.341165246152351109e+01
2.040050062578222878e+01 1.352442674345578233e+01
2.052565707133917527e+01 1.363777692649057194e+01
2.065081351689612177e+01 1.375048139413269510e+01
2.077596996245306826e+01 1.386437668669102941e+01
2.090112640801001476e+01 1.397759764880326472e+01
2.102628285356696125e+01 1.408990411181753011e+01
2.115143929912390419e+01 1.420467806615587492e+01
2.127659574468085069e+01 1.431538725699406100e+01
2.140175219023779718e+01 1.443012585900344291e+01
2.152690863579474367e+01 1.454382585921647575e+01
2.165206508135169017e+01 1.465593962377375803e+01
2.177722152690863666e+01 1.477077597541019749e+01
2.190237797246558316e+01 1.488370287524082336e+01
2.202753441802252965e+01 1.499461724026675746e+01
2.215269086357947614e+01 1.510953179017460535e+01
2.227784730913642264e+01 1.522134589100870983e+01
2.240300375469336913e+01 1.533551825463879759e+01
2.252816020025031563e+01 1.544649239116921358e+01
2.265331664580725857e+01 1.556062917125990985e+01
2.277847309136420506e+01 1.567378463483113649e+01
2.290362953692115155e+01 1.578598268991080289e+01
2.302878598247809805e+01 1.589941744030195814e+01
2.315394242803504454e+01 1.601277523462940522e+01
2.327909887359199104e+01 1.612436607498904806e+01
2.340425531914893753e+01 1.623621505967204826e+01
2.352941176470588402e+01 1.635076387240540186e+01
2.365456821026283052e+01 1.646313287590514562e+01
2.377972465581977701e+01 1.657496578997233883e+01
2.390488110137672351e+01 1.668823485755414993e+01
2.403003754693367000e+01 1.680010816281022556e+01
2.415519399249061294e+01 1.691273591101614215e+01
2.428035043804755944e+01 1.702338367326829527e+01
2.440550688360450593e+01 1.713771546378848498e+01
2.453066332916145242e+01 1.724943291224514752e+01
2.465581977471839892e+01 1.736170847125301009e+01
2.478097622027534541e+01 1.747401379415168421e+01
2.490613266583229191e+01 1.758661512630865431e+01
2.503128911138923840e+01 1.769904336266039024e+01
2.515644555694618489e+01 1.781097296043498801e+01
2.528160200250313139e+01 1.792300249768019782e+01
2.540675844806007788e+01 1.803459380485460528e+01
2.553191489361702082e+01 1.814786473326482863e+01
2.565707133917396732e+01 1.825862353549740291e+01
2.578222778473091381e+01 1.837051886288749358e+01
2.590738423028786030e+01 1.848330155405484732e+01
2.603254067584480680e+01 1.859405837404181128e+01
2.615769712140175329e+01 1.870690268088732822e+01
2.628285356695869979e+01 1.881896604265001471e+01
2.640801001251564628e+01 1.893093686849435997e+01
2.653316645807259277e+01 1.904047053652232435e+01
2.665832290362953927e+01 1.915417570676024184e+01
2.678347934918648576e+01 1.926540112948292460e+01
2.690863579474343226e+01 1.937721804962572136e+01
2.703379224030037520e+01 1.948725945390454228e+01
2.715894868585732169e+01 1.959990398740221451e+01
2.728410513141426819e+01 1.971179669005390878e+01
2.740926157697121468e+01 1.982389700306307745e+01
2.753441802252816117e+01 1.993550188034192772e+01
2.765957446808510767e+01 2.004657110524430763e+01
2.778473091364205416e+01 2.015858442422676333e+01
2.790988735919900066e+01 2.026982023850250414e+01
2.803504380475594715e+01 2.038080288138810658e+01
2.816020025031289364e+01 2.049230885842701610e+01
2.828535669586984014e+01 2.060384443950253086e+01
2.841051314142678308e+01 2.071531561075287087e+01
2.853566958698372957e+01 2.082396585966683134e+01
2.866082603254067607e+01 2.093707987706458340e+01
2.878598247809762256e+01 2.104828361991986441e+01
2.891113892365456906e+01 2.115888294221895194e+01
2.903629536921151555e+01 2.126967221405637787e+01
2.916145181476846204e+01 2.138189585817645266e+01
2.928660826032540854e+01 2.149269135605634062e+01
2.941176470588235503e+01 2.160333822927720249e+01
2.953692115143930152e+01 2.171444171724272110e+01
2.966207759699624802e+01 2.182501515369022016e+01
2.978723404255319451e+01 2.193627843520598475e+01
2.991239048811013745e+01 2.204709299168316150e+01
3.003754693366708395e+01 2.215750925753934908e+01
3.016270337922403044e+01 2.226851104085793054e+01
3.028785982478097694e+01 2.237781203309418387e+01
3.041301627033792343e+01 2.249071622850787833e+01
3.053817271589486992e+01 2.260043790904671468e+01
3.066332916145181642e+01 2.271055256177369941e+01
3.078848560700876291e+01 2.281979919085521402e+01
3.091364205256570941e+01 2.293319620691475791e+01
3.103879849812265590e+01 2.304348243183423861e+01
3.116395494367960239e+01 2.315374285910652219e+01
3.128911138923654889e+01 2.326384592429345943e+01
3.141426783479349183e+01 2.337504353391145528e+01
3.153942428035043832e+01 2.348431093935215230e+01
3.166458072590738482e+01 2.359495353969184706e+01
3.178973717146433131e+01 2.370538339134324701e+01
3.191489361702127781e+01 2.381632983308476170e+01
3.204005006257822430e+01 2.392640116927006844e+01
3.216520650813517079e+01 2.403670488228606317e+01
3.229036295369211729e+01 2.414649996549653821e+01
3.241551939924906378e+01 2.425636267959562531e+01
3.254067584480601028e+01 2.436717671756647974e+01
3.266583229036295677e+01 2.447660540062604184e+01
3.279098873591990326e+01 2.458728589088321925e+01
3.291614518147684976e+01 2.469715455495865442e+01
3.304130162703379625e+01 2.480428265606482441e+01
3.316645807259074274e+01 2.491732353288371726e+01
3.329161451814768924e+01 2.502708476875407229e+01
3.341677096370463573e+01 2.513717622758441905e+01
3.354192740926157512e+01 2.524635433667544859e+01
3.366708385481852162e+01 2.535635946266076601e+01
3.379224030037546811e+01 2.546428470753275519e+01
3.391739674593241460e+01 2.557559138671678056e+01
3.404255319148936110e+01 2.568529835983474996e+01
3.416770963704630759e+01 2.579535669072728155e+01
3.429286608260325409e+01 2.590363776895064163e+01
3.441802252816020058e+01 2.601504167466381645e+01
3.454317897371714707e+01 2.612438154681654368e+01
3.466833541927409357e+01 2.623355046352567044e+01
3.479349186483104006e+01 2.634317675975145434e+01
3.491864831038798656e+01 2.645327532045878982e+01
3.504380475594493305e+01 2.656256773932186732e+01
3.516896120150187954e+01 2.667181018189306130e+01
3.529411764705882604e+01 2.678159667212971939e+01
3.541927409261577253e+01 2.689053641591062416e+01
3.554443053817271903e+01 2.700006924953292042e+01
3.566958698372966552e+01 2.710831873505700074e+01
3.579474342928661201e+01 2.721858017927712581e+01
3.591989987484355851e+01 2.732627194970953610e+01
3.604505632040050500e+01 2.743472856520126157e+01
3.617021276595745150e+01 2.754499678981692767e+01
3.629536921151439799e+01 2.765238959325241552e+01
3.642052565707133738e+01 2.776383675718786037e+01
3.654568210262828387e+01 2.787353567248068487e+01
3.667083854818523037e+01 2.798135588732185042e+01
3.679599499374217686e+01 2.809117343742166639e+01
3.692115143929912335e+01 2.820033558758028747e+01
3.704630788485606985e+01 2.830918498981023390e+01
3.717146433041301634e+01 2.841780185632788402e+01
3.729662077596996284e+01 2.852709562095244422e+01
3.742177722152690933e+01 2.863485068315918980e+01
3.754693366708385582e+01 2.874369214629627933e+01
3.767209011264080232e+01 2.885038656125701451e+01
3.779724655819774881e+01 2.896113747627820345e+01
3.792240300375469531e+01 2.907031122337970430e+01
3.804755944931164180e+01 2.917924889039355918e+01
3.817271589486858829e+01 2.928760580679414360e+01
3.829787234042553479e+01 2.939653425275204057e+01
3.842302878598248128e+01 2.950500866369587882e+01
3.854818523153942778e+01 2.961341096529890393e+01
3.867334167709637427e+01 2.972146002145230170e+01
3.879849812265332076e+01 2.983012862455022329e+01
3.892365456821026726e+01 2.993910151642166539e+01
3.904881101376721375e+01 3.004710003117183703e+01
3.917396745932416025e+01 3.015604010909813582e+01
3.929912390488110674e+01 3.026397598845623449e+01
3.942428035043804613e+01 3.037049665361312023e+01
3.954943679599499262e+01 3.048096307931802684e+01
3.967459324155193912e+01 3.058767716167953310e+01
3.979974968710888561e+01 3.069686212282190851e+01
3.992490613266583210e+01 3.080462849004576853e+01
4.005006257822277860e+01 3.091349320858191163e+01
4.017521902377972509e+01 3.102005580858992673e+01
4.030037546933667159e+01 3.112879379588634166e+01
4.042553191489361808e+01 3.123736567229301286e+01
4.055068836045056457e+01 3.134567915269247251e+01
4.067584480600751107e+01 3.145274948837194273e+01
4.080100125156445756e+01 3.156034830228508525e+01
4.092615769712140406e+01 3.166938723945730416e+01
4.105131414267835055e+01 3.177587474913658738e+01
4.117647058823529704e+01 3.188489186106897932e+01
4.130162703379224354e+01 3.199186782669082163e+01
4.142678347934919003e+01 3.209890043801777892e+01
4.155193992490613653e+01 3.220851060730237947e+01
4.167709637046308302e+01 3.231570322372405002e+01
4.180225281602002951e+01 3.242255355885904322e+01
4.192740926157697601e+01 3.253124135315901100e+01
4.205256570713392250e+01 3.263744731693295620e+01
4.217772215269086900e+01 3.274564011536111252e+01
4.230287859824780838e+01 3.285376928781960260e+01
4.242803504380475488e+01 3.295902314573262970e+01
4.255319148936170137e+01 3.306943855838560609e+01
4.267834793491864787e+01 3.317529993251910270e+01
4.280350438047559436e+01 3.328325632610656726e+01
4.292866082603254085e+01 3.339083507420880181e+01
4.305381727158948735e+01 3.349861389282778390e+01
4.317897371714643384e+01 3.360606721327200574e+01
4.330413016270338034e+01 3.371348860632181754e+01
4.342928660826032683e+01 3.382037810082787388e+01
4.355444305381727332e+01 3.392761917718216580e+01
4.367959949937421982e+01 3.403510865718686773e+01
4.380475594493116631e+01 3.414088143185669821e+01
4.392991239048811281e+01 3.424855408628028641e+01
4.405506883604505930e+01 3.435394303048666842e+01
4.418022528160200579e+01 3.446242943921403423e+01
4.430538172715895229e+01 3.457038654964028979e+01
4.443053817271589878e+01 3.467717474633782615e+01
4.455569461827284528e+01 3.478294608775261310e+01
4.468085106382979177e+01 3.489095372424948494e+01
4.480600750938673826e+01 3.499823380549983654e+01
4.493116395494368476e+01 3.510406109077928960e+01
4.505632040050063125e+01 3.521077701397508974e+01
4.518147684605757064e+01 3.531901511594097798e+01
4.530663329161451713e+01 3.542393546657687153e+01
4.543178973717146363e+01 3.553171505943844011e+01
4.555694618272841012e+01 3.563894994185081089e+01
4.568210262828535662e+01 3.574366838678206904e+01
4.580725907384230311e+01 3.585206798317291543e+01
4.593241551939924960e+01 3.595945590793402857e+01
4.605757196495619610e+01 3.606570638930146799e+01
4.618272841051314259e+01 3.617209427448792525e+01
4.630788485607008909e+01 3.627860783107193754e+01
4.643304130162703558e+01 3.638527831727280670e+01
4.655819774718398207e+01 3.649094239143449414e+01
4.668335419274092857e+01 3.659826759129335016e+01
4.680851063829787506e+01 3.670399646947108607e+01
4.693366708385482156e+01 3.680996092816572229e+01
4.705882352941176805e+01 3.691626823443803573e+01
4.718397997496871454e+01 3.702337930568335622e+01
4.730913642052566104e+01 3.713011963167819829e+01
4.743429286608260753e+01 3.723542040961530830e+01
4.755944931163955403e+01 3.734119633733086374e+01
4.768460575719650052e+01 3.744771521383951551e+01
4.780976220275344701e+01 3.755332886767025968e+01
4.793491864831039351e+01 3.766083673551189293e+01
4.806007509386734000e+01 3.776704697146673340e+01
4.818523153942427939e+01 3.787307714872997622e+01
4.831038798498122588e+01 3.797856617465867402e+01
4.843554443053817238e+01 3.808441485519063008e+01
4.856070087609511887e+01 3.819035132618046902e+01
4.868585732165206537e+01 3.829703069806490845e+01
4.881101376720901186e+01 3.840154906993871009e+01
4.893617021276595835e+01 3.850854672616350882e+01
4.906132665832290485e+01 3.861344059847560573e+01
4.918648310387985134e+01 3.871705909417348579e+01
4.931163954943679784e+01 3.882335054423115395e+01
4.943679599499374433e+01 3.893179188395705381e+01
4.956195244055069082e+01 3.903657168153911527e+01
4.968710888610763732e+01 3.914299800418223185e+01
4.981226533166458381e+01 3.924754602129426218e+01
4.993742177722153031e+01 3.935449348101406741e+01
5.006257822277847680e+01 3.945917526392867813e+01
5.018773466833542329e+01 3.956504811629460505e+01
5.031289111389236979e+01 3.967097280308119167e+01
5.043804755944931628e+01 3.977654679759341860e+01
5.056320400500626278e+01 3.988210622217152235e+01
5.068836045056320927e+01 3.998654100885882201e+01
5.081351689612015576e+01 4.009176464934239448e+01
5.093867334167710226e+01 4.019715549205741922e+01
5.106382978723404165e+01 4.030302806971351970e+01
5.118898623279098814e+01 4.040924790416070067e+01
5.131414267834793463e+01 4.051412913026550910e+01
5.143929912390488113e+01 4.061955013665485836e+01
5.156445556946182762e+01 4.072485621315708215e+01
5.168961201501877412e+01 4.083043822461592498e+01
5.181476846057572061e+01 4.093421543092676274e+01
5.193992490613266710e+01 4.103890813513488922e+01
5.206508135168961360e+01 4.114548691092807786e+01
5.219023779724656009e+01 4.124891603951702734e+01
5.231539424280350659e+01 4.135446906913154663e+01
5.244055068836045308e+01 4.145688539107984383e+01
5.256570713391739957e+01 4.156322942991958769e+01
5.269086357947434607e+01 4.166925315023716792e+01
5.281602002503129256e+01 4.177446749995148423e+01
5.294117647058823906e+01 4.187814807754109125e+01
5.306633291614518555e+01 4.198478279361454923e+01
5.319148936170213204e+01 4.208882879976825819e+01
5.331664580725907854e+01 4.219437410529796040e+01
5.344180225281602503e+01 4.229813804613046813e+01
5.356695869837297153e+01 4.240371526163738736e+01
5.369211514392991802e+01 4.250907963369856191e+01
5.381727158948686451e+01 4.261274784521409487e+01
5.394242803504380390e+01 4.271832941670675865e+01
5.406758448060075040e+01 4.282253443402640869e+01
5.419274092615769689e+01 4.292659191675783603e+01
5.431789737171464338e+01 4.302899726162988969e+01
5.444305381727158988e+01 4.313614859297887705e+01
5.456821026282853637e+01 4.324056897483125539e+01
5.469336670838548287e+01 4.334146076054043561e+01
5.481852315394242936e+01 4.345020701706527433e+01
5.494367959949937585e+01 4.355373528464463107e+01
5.506883604505632235e+01 4.365718798724255123e+01
5.519399249061326884e+01 4.376193226169026929e+01
5.531914893617021534e+01 4.386698166966836254e+01
5.544430538172716183e+01 4.397164671082362730e+01
5.556946182728410832e+01 4.407534268099468733e+01
5.569461827284105482e+01 4.417958727488848325e+01
5.581977471839800131e+01 4.428341048859553553e+01
5.594493116395494781e+01 4.438851023164541232e+01
5.607008760951189430e+01 4.449207561522050014e+01
5.619524405506884079e+01 4.459494522530540195e+01
5.632040050062578729e+01 4.470070686265041360e+01
5.644555694618273378e+01 4.480376491722034160e+01
5.657071339173968028e+01 4.490916003256135980e+01
5.669586983729662677e+01 4.501123026034822772e+01
5.682102628285356616e+01 4.511702539301972337e+01
5.694618272841051265e+01 4.522059651650482692e+01
5.707133917396745915e+01 4.532468948586495117e+01
5.719649561952440564e+01 4.542877985029125654e+01
5.732165206508135213e+01 4.553224791919826231e+01
5.744680851063829863e+01 4.563372867633552943e+01
5.757196495619524512e+01 4.574024351263842192e+01
5.769712140175219162e+01 4.584107418232895270e+01
5.782227784730913811e+01 4.594515573663680641e+01
5.794743429286608460e+01 4.605029873754968861e+01
5.807259073842303110e+01 4.615442198502987736e+01
5.819774718397997759e+01 4.625870920012587817e+01
5.832290362953692409e+01 4.636049900740088958e+01
5.844806007509387058e+01 4.646512264912478685e+01
5.857321652065081707e+01 4.656879618308791180e+01
5.869837296620776357e+01 4.667204614719495481e+01
5.882352941176471006e+01 4.677506590267566366e+01
5.894868585732165656e+01 4.687795506618876828e+01
5.907384230287860305e+01 4.698125996629141099e+01
5.919899874843554954e+01 4.708263953733432317e+01
5.932415519399249604e+01 4.718912955469431125e+01
5.944931163954944253e+01 4.729281230180689022e+01
5.957446808510638903e+01 4.739410879652610475e+01
5.969962453066333552e+01 4.750007218448587309e+01
5.982478097622027491e+01 4.760242775508120161e+01
5.994993742177722140e+01 4.770343525395927742e+01
6.007509386733416790e+01 4.780829360696566255e+01
6.020025031289111439e+01 4.791147765883920329e+01
6.032540675844806088e+01 4.801480617128201089e+01
6.045056320400500738e+01 4.811907110473143234e+01
6.057571964956195387e+01 4.821997509420008043e+01
6.070087609511890037e+01 4.832519467950233860e+01
6.082603254067584686e+01 4.842748902505039155e+01
6.095118898623279335e+01 4.852877221833011845e+01
6.107634543178973985e+01 4.863410062128718891e+01
6.120150187734668634e+01 4.873705993556205840e+01
6.132665832290363284e+01 4.883940419059251781e+01
6.145181476846057933e+01 4.894213077745008889e+01
6.157697121401752582e+01 4.904476919679010649e+01
6.170212765957447232e+01 4.914717538270138419e+01
6.182728410513141881e+01 4.925098364337464574e+01
6.195244055068836531e+01 4.935270803316242905e+01
6.207759699624531180e+01 4.945320993739534288e+01
6.220275344180225829e+01 4.955881256010337665e+01
6.232790988735920479e+01 4.966199522934674349e+01
6.245306633291615128e+01 4.976279500247228071e+01
6.257822277847309778e+01 4.986681776674330280e+01
6.270337922403003716e+01 4.996981835137832917e+01
6.282853566958698366e+01 5.007137921771563782e+01
6.295369211514393015e+01 5.017472822663518173e+01
6.307884856070087665e+01 5.027733967570494400e+01
6.320400500625782314e+01 5.037943509381831575e+01
6.332916145181476963e+01 5.048092769173395311e+01
6.345431789737171613e+01 5.058357921522414813e+01
6.357947434292866262e+01 5.068671855470135768e+01
6.370463078848560912e+01 5.078955156319734954e+01
6.382978723404255561e+01 5.088999592740720601e+01
6.395494367959950210e+01 5.099371757036168162e+01
6.408010012515644860e+01 5.109514526566518100e+01
6.420525657071338799e+01 5.119773897149981678e+01
6.433041301627034159e+01 5.130115221353229060e+01
6.445556946182728097e+01 5.140234108758333065e+01
6.458072590738423457e+01 5.150522467636730539e+01
6.470588235294117396e+01 5.160744912732064194e+01
6.483103879849812756e+01 5.170909696481098905e+01
6.495619524405506695e+01 5.181051660513303858e+01
6.508135168961202055e+01 5.191361401435645462e+01
6.520650813516895994e+01 5.201500790995455503e+01
6.533166458072591354e+01 5.211578984931053071e+01
6.545682102628285293e+01 5.221748241253725809e+01
6.558197747183980653e+01 5.232122245128202565e+01
6.570713391739674591e+01 5.242306403242145763e+01
6.583229036295369951e+01 5.252541256713838891e+01
6.595744680851063890e+01 5.262715433494773265e+01
6.608260325406759250e+01 5.272723512778404853e+01
6.620775969962453189e+01 5.283012997544389577e+01
6.633291614518148549e+01 5.293219436708088921e+01
6.645807259073842488e+01 5.303386162642907919e+01
6.658322903629537848e+01 5.313446488376204968e+01
6.670838548185231787e+01 5.323625509887884277e+01
6.683354192740927147e+01 5.333864807235928396e+01
6.695869837296621085e+01 5.343993497689572081e+01
6.708385481852315024e+01 5.354090747413605555e+01
6.720901126408010384e+01 5.364354009742029916e+01
6.733416770963704323e+01 5.374526075368815015e+01
6.745932415519399683e+01 5.384513161290259120e+01
6.758448060075093622e+01 5.394776551517768581e+01
6.770963704630788982e+01 5.404890695081390106e+01
6.783479349186482921e+01 5.415092845346077866e+01
6.795994993742178281e+01 5.425229799113640183e+01
6.808510638297872219e+01 5.435269362800661241e+01
6.821026282853567579e+01 5.445560419347557257e+01
6.833541927409261518e+01 5.455459976225522922e+01
6.846057571964956878e+01 5.465448867409090639e+01
6.858573216520650817e+01 5.475869124873046445e+01
6.871088861076346177e+01 5.486001105587505577e+01
6.883604505632040116e+01 5.496105744235707391e+01
6.896120150187735476e+01 5.505888228927433659e+01
6.908635794743429415e+01 5.516238156205226062e+01
6.921151439299124775e+01 5.526472108280722040e+01
6.933667083854818713e+01 5.536550572988131336e+01
6.946182728410514073e+01 5.546582119448703452e+01
6.958698372966208012e+01 5.556742316683808980e+01
6.971214017521903372e+01 5.566883859064206064e+01
6.983729662077597311e+01 5.576686560899469924e+01
6.996245306633291250e+01 5.586995937253625044e+01
7.008760951188986610e+01 5.597198411107432747e+01
7.021276595744680549e+01 5.607145993507897686e+01
7.033792240300375909e+01 5.617291879443460800e+01
7.046307884856069848e+01 5.627115803830457708e+01
7.058823529411765207e+01 5.637496226194053150e+01
7.071339173967459146e+01 5.647642761657427712e+01
7.083854818523154506e+01 5.657633384923912701e+01
7.096370463078848445e+01 5.667531198209294274e+01
7.108886107634543805e+01 5.677701118661286728e+01
7.121401752190237744e+01 5.687878223103493980e+01
7.133917396745933104e+01 5.697848271754938310e+01
7.146433041301627043e+01 5.707961103397602187e+01
7.158948685857322403e+01 5.717804846790213702e+01
7.171464330413016341e+01 5.728129870499124365e+01
7.183979974968711701e+01 5.738090065253948069e+01
7.196495619524405640e+01 5.748184834807670285e+01
7.209011264080101000e+01 5.758236927150182538e+01
7.221526908635794939e+01 5.768308289039293157e+01
7.234042553191490299e+01 5.778375808488144116e+01
7.246558197747184238e+01 5.788335497815031516e+01
7.259073842302879598e+01 5.798168634045614311e+01
7.271589486858573537e+01 5.808474259125551953e+01
7.284105131414267476e+01 5.818442048396860855e+01
7.296620775969962835e+01 5.828528747438750912e+01
7.309136420525656774e+01 5.838514224434017308e+01
7.321652065081352134e+01 5.848471956122538273e+01
7.334167709637046073e+01 5.858233091532861891e+01
7.346683354192741433e+01 5.868387594028310161e+01
7.359198998748435372e+01 5.878503305588017014e+01
7.371714643304130732e+01 5.888592920665403341e+01
7.384230287859824671e+01 5.898651020668368972e+01
7.396745932415520031e+01 5.908657973845360800e+01
7.409261576971213970e+01 5.918551982852051196e+01
7.421777221526909329e+01 5.928686980785999339e+01
7.434292866082603268e+01 5.938591257998581341e+01
7.446808510638298628e+01 5.948566430343549172e+01
7.459324155193992567e+01 5.958648575583484330e+01
7.471839799749687927e+01 5.968627886529532134e+01
7.484355444305381866e+01 5.978636973948361799e+01
7.496871088861077226e+01 5.988561424606773187e+01
7.509386733416771165e+01 5.998623011801410598e+01
7.521902377972466525e+01 6.008516552478193518e+01
7.534418022528160463e+01 6.018487374850173666e+01
7.546933667083855823e+01 6.028494729291463727e+01
7.559449311639549762e+01 6.038304485252692899e+01
7.571964956195245122e+01 6.048434981632693308e+01
7.584480600750939061e+01 6.058322022863363543e+01
7.596996245306633000e+01 6.068366982204724280e+01
7.609511889862328360e+01 6.078368002847410168e+01
7.622027534418022299e+01 6.088084850047933827e+01
7.634543178973717659e+01 6.098298896566190308e+01
7.647058823529411598e+01 6.108246786407188722e+01
7.659574468085106957e+01 6.118201892726337121e+01
7.672090112640800896e+01 6.128045187599990840e+01
7.684605757196496256e+01 6.137995235848290321e+01
7.697121401752190195e+01 6.148023663609133393e+01
7.709637046307885555e+01 6.157662316925574686e+01
7.722152690863579494e+01 6.167730317629314385e+01
7.734668335419274854e+01 6.177775688619392724e+01
7.747183979974968793e+01 6.187739538177791587e+01
7.759699624530664153e+01 6.197579767401723672e+01
7.772215269086358091e+01 6.207611873537604907e+01
7.784730913642053451e+01 6.217427843122933240e+01
7.797246558197747390e+01 6.227430170245836649e+01
7.809762202753442750e+01 6.237150580753127116e+01
7.822277847309136689e+01 6.247195969779737368e+01
7.834793491864832049e+01 6.257143339828671458e+01
7.847309136420525988e+01 6.267082606484232343e+01
7.859824780976221348e+01 6.276857303294097079e+01
7.872340425531915287e+01 6.286873140641057489e+01
7.884856070087609226e+01 6.296752631961653179e+01
7.897371714643304585e+01 6.306698523365387388e+01
7.909887359198998524e+01 6.316547789962575621e+01
7.922403003754693884e+01 6.326414352760798465e+01
7.934918648310387823e+01 6.336426908289102045e+01
7.947434292866083183e+01 6.346138141582438408e+01
7.959949937421777122e+01 6.356181502622989399e+01
7.972465581977472482e+01 6.366069373086212124e+01
7.984981226533166421e+01 6.375786895148856104e+01
7.997496871088861781e+01 6.385749820498342899e+01
8.010012515644555720e+01 6.395713592257176572e+01
8.022528160200251079e+01 6.405445152270576159e+01
8.035043804755945018e+01 6.415467597224782992e+01
8.047559449311640378e+01 6.425289406259420844e+01
8.060075093867334317e+01 6.435037051785087669e+01
8.072590738423029677e+01 6.445034487496101860e+01
8.085106382978723616e+01 6.454903549818708086e+01
8.097622027534418976e+01 6.464553400209624101e+01
8.110137672090112915e+01 6.474502901973389157e+01
8.122653316645808275e+01 6.484273561920682027e+01
8.135168961201502213e+01 6.494180649060864141e+01
8.147684605757197573e+01 6.504110914268379418e+01
8.160200250312891512e+01 6.513990755598744897e+01
8.172715894868585451e+01 6.523751029444878213e+01
8.185231539424280811e+01 6.533605253176430949e+01
8.197747183979974750e+01 6.543166377496312691e+01
8.210262828535670110e+01 6.553338720421275809e+01
8.222778473091364049e+01 6.563104786899795329e+01
8.235294117647059409e+01 6.572880961901570629e+01
8.247809762202753348e+01 6.582663507583120577e+01
8.260325406758448707e+01 6.592525344076742044e+01
8.272841051314142646e+01 6.602294209088408650e+01
8.285356695869838006e+01 6.612198176521586390e+01
8.297872340425531945e+01 6.622026347019568959e+01
8.310387984981227305e+01 6.631931904689155033e+01
8.322903629536921244e+01 6.641526220702321837e+01
8.335419274092616604e+01 6.651488407379447665e+01
8.347934918648310543e+01 6.661325737920229528e+01
8.360450563204005903e+01 6.671046804443163580e+01
8.372966207759699842e+01 6.680908837460687266e+01
8.385481852315395201e+01 6.690715488833568259e+01
8.397997496871089140e+01 6.700486373413404806e+01
8.410513141426784500e+01 6.710240242097590624e+01
8.423028785982478439e+01 6.719967904194940900e+01
8.435544430538173799e+01 6.729566937573737562e+01
8.448060075093867738e+01 6.739492517652271886e+01
8.460575719649561677e+01 6.749391289090952739e+01
8.473091364205257037e+01 6.759215201049212851e+01
8.485607008760950976e+01 6.768999609368977133e+01
8.498122653316646335e+01 6.778776490946947320e+01
8.510638297872340274e+01 6.788541820972794483e+01
8.523153942428035634e+01 6.798296629594672424e+01
8.535669586983729573e+01 6.807891233270869691e+01
8.548185231539424933e+01 6.817587578631328427e+01
8.560700876095118872e+01 6.827632541143390199e+01
8.573216520650814232e+01 6.837315571876634124e+01
8.585732165206508171e+01 6.847116438073369693e+01
8.598247809762203531e+01 6.856789472232676985e+01
8.610763454317897470e+01 6.866478940521268726e+01
8.623279098873592829e+01 6.876332423753979128e+01
8.635794743429286768e+01 6.886110182927608037e+01
8.648310387984982128e+01 6.895896422515328084e+01
8.660826032540676067e+01 6.905626647258134199e+01
8.673341677096371427e+01 6.915246255328641212e+01
8.685857321652065366e+01 6.925092835222089604e+01
8.698372966207760726e+01 6.934803557472859836e+01
8.710888610763454665e+01 6.944579744361037399e+01
8.723404255319150025e+01 6.954196489095686218e+01
8.735919899874843964e+01 6.964042497175009316e+01
8.748435544430537902e+01 6.973759930775240434e+01
8.760951188986233262e+01 6.983458607434809551e+01
8.773466833541927201e+01 6.993048521876795576e+01
8.785982478097622561e+01 7.002772608679919131e+01
8.798498122653316500e+01 7.012524531806572270e+01
8.811013767209011860e+01 7.022292266582890363e+01
8.823529411764705799e+01 7.032037534786702793e+01
8.836045056320401159e+01 7.041675322627214939e+01
8.848560700876095098e+01 7.051380750547575360e+01
8.861076345431790457e+01 7.061075598229834327e+01
8.873591989987484396e+01 7.070798711280239957e+01
8.886107634543179756e+01 7.080459671688022638e+01
8.898623279098873695e+01 7.090195946302024765e+01
8.911138923654569055e+01 7.099898772218460863e+01
8.923654568210262994e+01 7.109432735180038776e+01
8.936170212765958354e+01 7.119121282130717532e+01
8.948685857321652293e+01 7.128971694074600407e+01
8.961201501877347653e+01 7.138636436783390593e+01
8.973717146433041592e+01 7.148302972716240333e+01
8.986232790988736951e+01 7.157707853672476972e+01
8.998748435544430890e+01 7.167323031758860452e+01
9.011264080100126250e+01 7.177035096656081237e+01
9.023779724655820189e+01 7.186807213316146203e+01
9.036295369211514128e+01 7.196627269004612515e+01
9.048811013767209488e+01 7.206313350923348082e+01
9.061326658322903427e+01 7.215918484506600805e+01
9.073842302878598787e+01 7.225673087607601985e+01
9.086357947434292726e+01 7.235220230310109457e+01
9.098873591989988086e+01 7.244867485164998300e+01
9.111389236545682024e+01 7.254587763908192244e+01
9.123904881101377384e+01 7.264149926846505423e+01
9.136420525657071323e+01 7.273723804793024783e+01
9.148936170212766683e+01 7.283311159470886764e+01
9.161451814768460622e+01 7.293207465476194784e+01
9.173967459324155982e+01 7.302553663430593645e+01
9.186483103879849921e+01 7.312145835212992040e+01
9.198998748435545281e+01 7.321825761152317114e+01
9.211514392991239220e+01 7.331541068236954573e+01
9.224030037546934579e+01 7.341332241042955786e+01
9.236545682102628518e+01 7.350604826867518682e+01
9.249061326658323878e+01 7.360517420639210684e+01
9.261576971214017817e+01 7.370158109884961561e+01
9.274092615769713177e+01 7.379770382990275834e+01
9.286608260325407116e+01 7.389454723141817283e+01
9.299123904881102476e+01 7.399033576894832720e+01
9.311639549436796415e+01 7.408565736800970569e+01
9.324155193992490354e+01 7.417847047319429521e+01
9.336670838548185714e+01 7.427886399420802377e+01
9.349186483103879652e+01 7.437507007709731965e+01
9.361702127659575012e+01 7.447109437565964640e+01
9.374217772215268951e+01 7.456711851186297224e+01
9.386733416770964311e+01 7.465728403125626755e+01
9.399249061326658250e+01 7.475862513635992457e+01
9.411764705882353610e+01 7.485312484851584713e+01
9.424280350438047549e+01 7.495001939062353813e+01
9.436795994993742909e+01 7.504551185423700588e+01
9.449311639549436848e+01 7.514148611783356557e+01
9.461827284105132208e+01 7.523791131748421890e+01
9.474342928660826146e+01 7.533371598401298286e+01
9.486858573216521506e+01 7.542965441189573994e+01
9.499374217772215445e+01 7.552410011027426151e+01
9.511889862327910805e+01 7.562113570781838234e+01
9.524405506883604744e+01 7.571697258507859374e+01
9.536921151439300104e+01 7.581263702930280601e+01
9.549436795994994043e+01 7.590712448700638504e+01
9.561952440550689403e+01 7.600282157568435082e+01
9.574468085106383342e+01 7.609847818772121286e+01
9.586983729662078701e+01 7.619323325516536727e+01
9.599499374217772640e+01 7.628991778660541456e+01
9.612015018773468000e+01 7.638563444113712819e+01
9.624530663329161939e+01 7.648156536336287559e+01
9.637046307884855878e+01 7.657579972485609687e+01
9.649561952440551238e+01 7.667127669944053991e+01
9.662077596996245177e+01 7.676520659748274511e+01
9.674593241551940537e+01 7.686298591045314765e+01
9.687108886107634476e+01 7.695806072753292426e+01
9.699624530663329836e+01 7.705260350365365696e+01
9.712140175219023774e+01 7.714738882782408780e+01
9.724655819774719134e+01 7.724181298822855979e+01
9.737171464330413073e+01 7.733986913709507860e+01
9.749687108886108433e+01 7.743438271583744381e+01
9.762202753441802372e+01 7.752989309805890628e+01
9.774718397997497732e+01 7.762505160100428725e+01
9.787234042553191671e+01 7.772045417451208493e+01
9.799749687108887031e+01 7.781562059744159399e+01
9.812265331664580970e+01 7.791070160977780290e+01
9.824780976220276330e+01 7.800620640549304596e+01
9.837296620775970268e+01 7.809954400823016840e+01
9.849812265331665628e+01 7.819555788054555023e+01
9.862327909887359567e+01 7.829040517159928925e+01
9.874843554443054927e+01 7.838513208653870379e+01
9.887359198998748866e+01 7.848116335097736851e+01
9.899874843554444226e+01 7.857396657987176525e+01
9.912390488110138165e+01 7.867103122459056408e+01
9.924906132665832104e+01 7.876510581563688618e+01
9.937421777221527464e+01 7.885954882083302664e+01
9.949937421777221402e+01 7.895557414319681300e+01
9.962453066332916762e+01 7.905053989604860476e+01
9.974968710888610701e+01 7.914529947548118116e+01
9.987484355444306061e+01 7.923900220606243749e+01
1.000000000000000000e+02 7.933454698957127960e+01
