# r   Lambda(r)
0.000000000000000000e+00 9.438155980053490879e-01
1.251564455569461887e-01 9.570025214854072093e-01
2.503128911138923773e-01 9.610552833767316283e-01
3.754693366708385938e-01 9.637451003142157857e-01
5.006257822277847547e-01 9.598925164084010087e-01
6.257822277847309156e-01 9.588837263856933024e-01
7.509386733416771875e-01 9.568091009402063252e-01
8.760951188986233484e-01 9.550655947784898459e-01
1.001251564455569509e+00 9.579263478468834636e-01
1.126408010012515781e+00 9.536385200030091935e-01
1.251564455569461831e+00 9.493982118131826242e-01
1.376720901126408103e+00 9.464464557834871838e-01
1.501877346683354375e+00 9.427793126648857935e-01
1.627033792240300425e+00 9.299543842381929881e-01
1.752190237797246697e+00 9.319944161783607628e-01
1.877346683354192747e+00 9.252317016047673093e-01
2.002503128911139019e+00 9.205976352764078108e-01
2.127659574468085069e+00 9.092639287115823477e-01
2.252816020025031563e+00 9.023247513890049198e-01
2.377972465581977612e+00 8.976151137324485108e-01
2.503128911138923662e+00 8.953918779255476412e-01
2.628285356695870156e+00 8.727225529260441705e-01
2.753441802252816206e+00 8.738267834228992115e-01
2.878598247809762256e+00 8.626926652400770390e-01
3.003754693366708750e+00 8.632047679183797451e-01
3.128911138923654800e+00 8.557215677119099917e-01
3.254067584480600850e+00 8.456767664156591424e-01
3.379224030037546900e+00 8.434807659576105676e-01
3.504380475594493394e+00 8.387170254580456064e-01
3.629536921151439444e+00 8.296357399794023202e-01
3.754693366708385494e+00 8.207394854720703181e-01
3.879849812265331988e+00 8.072985086269385269e-01
4.005006257822278037e+00 8.017695708033070190e-01
4.130162703379224531e+00 7.933169554756549502e-01
4.255319148936170137e+00 7.789839395863282778e-01
4.380475594493116631e+00 7.670885591569698292e-01
4.505632040050063125e+00 7.481288549895094286e-01
4.630788485607008731e+00 7.406488538299483837e-01
4.755944931163955225e+00 7.267465082979023272e-01
4.881101376720901719e+00 7.162371184444866756e-01
5.006257822277847325e+00 7.039404589777541466e-01
5.131414267834793819e+00 6.861118103651565603e-01
5.256570713391740313e+00 6.729895867205303306e-01
5.381727158948685918e+00 6.527960821345196729e-01
5.506883604505632412e+00 6.503652583758929850e-01
5.632040050062578906e+00 6.377979614864635050e-01
5.757196495619524512e+00 6.165203623933973587e-01
5.882352941176471006e+00 5.981668215117220688e-01
6.007509386733417500e+00 5.934382873893480070e-01
6.132665832290363106e+00 5.822259161623896118e-01
6.257822277847309600e+00 5.693764144808214356e-01
6.382978723404255206e+00 5.607878470828074891e-01
6.508135168961201700e+00 5.489385919419264015e-01
6.633291614518148194e+00 5.382632022239237646e-01
6.758448060075093800e+00 5.129903026943245514e-01
6.883604505632040294e+00 5.015226282931866120e-01
7.008760951188986787e+00 4.869551400823348142e-01
7.133917396745932393e+00 4.731492729985564694e-01
7.259073842302878887e+00 4.647355544902073143e-01
7.384230287859825381e+00 4.530544735750168805e-01
7.509386733416770987e+00 4.384497466962380963e-01
7.634543178973717481e+00 4.181348378219317818e-01
7.759699624530663975e+00 3.983853713059061774e-01
7.884856070087609581e+00 3.924352766910007007e-01
8.010012515644556075e+00 3.773429196121187434e-01
8.135168961201502569e+00 3.688793383586455588e-01
8.260325406758449063e+00 3.584100993644973032e-01
8.385481852315393780e+00 3.422107651834356279e-01
8.510638297872340274e+00 3.192980454051236872e-01
8.635794743429286768e+00 3.043010968686518103e-01
8.760951188986233262e+00 2.845084778414620486e-01
8.886107634543179756e+00 2.651707369019684069e-01
9.011264080100126250e+00 2.541561631956517631e-01
9.136420525657070968e+00 2.294097936071440025e-01
9.261576971214017462e+00 2.095390046273055695e-01
9.386733416770963956e+00 1.922421063946258279e-01
9.511889862327910450e+00 1.755671723318345534e-01
9.637046307884856944e+00 1.592849230229632651e-01
9.762202753441803438e+00 1.389704871442438983e-01
9.887359198998748155e+00 1.160350535411443784e-01
1.001251564455569465e+01 9.858625968707609988e-02
1.013767209011264114e+01 8.530470076893671705e-02
1.026282853566958764e+01 6.304494166980102732e-02
1.038798498122653413e+01 5.503782117219991471e-02
1.051314142678348063e+01 3.558276207995896695e-02
1.063829787234042534e+01 1.020582361070139152e-02
1.076345431789737184e+01 -1.542166593067237010e-02
1.088861076345431833e+01 -2.355965672132468922e-02
1.101376720901126482e+01 -4.747719198929287870e-02
1.113892365456821132e+01 -7.326534394947831208e-02
1.126408010012515781e+01 -8.588437617018467030e-02
1.138923654568210253e+01 -9.803906327629752226e-02
1.151439299123904902e+01 -1.129411184751944741e-01
1.163954943679599552e+01 -1.365640311880845781e-01
1.176470588235294201e+01 -1.608857633294324685e-01
1.188986232790988851e+01 -1.805223552477946691e-01
1.201501877346683500e+01 -1.877298788047478406e-01
1.214017521902377972e+01 -2.099370404998435469e-01
1.226533166458072621e+01 -2.201105018762473942e-01
1.239048811013767271e+01 -2.315546892546378188e-01
1.251564455569461920e+01 -2.575788741639157831e-01
1.264080100125156569e+01 -2.680953036023861480e-01
1.276595744680851041e+01 -3.018305506799542903e-01
1.289111389236545691e+01 -3.047940344168416638e-01
1.301627033792240340e+01 -3.365042178732217115e-01
1.314142678347934989e+01 -3.543617127778825870e-01
1.326658322903629639e+01 -3.805401734666608582e-01
1.339173967459324288e+01 -3.777560069548080990e-01
1.351689612015018760e+01 -3.821556731913225979e-01
1.364205256570713409e+01 -3.815545330714735228e-01
1.376720901126408059e+01 -3.982754559025135088e-01
1.389236545682102708e+01 -4.198723233614515826e-01
1.401752190237797357e+01 -4.339652612002558585e-01
1.414267834793492007e+01 -4.597878974734717072e-01
1.426783479349186479e+01 -4.682300652461823809e-01
1.439299123904881128e+01 -4.892885541606850075e-01
1.451814768460575777e+01 -5.130122822719483944e-01
1.464330413016270427e+01 -5.232885644900118205e-01
1.476846057571965076e+01 -5.362021258973149740e-01
1.489361702127659726e+01 -5.428078995525456030e-01
1.501877346683354197e+01 -5.685547627889487865e-01
1.514392991239048847e+01 -5.832174934541095590e-01
1.526908635794743496e+01 -5.910349299249151311e-01
1.539424280350438146e+01 -6.139812508456552465e-01
1.551939924906132795e+01 -6.257420215869440305e-01
1.564455569461827444e+01 -6.283727045740122863e-01
1.576971214017521916e+01 -6.339160995193618975e-01
1.589486858573216566e+01 -6.602421135331597579e-01
1.602002503128911215e+01 -6.598480037709760770e-01
1.614518147684605864e+01 -6.802723595668723755e-01
1.627033792240300514e+01 -6.989617410480111204e-01
1.639549436795995163e+01 -7.024053453056287033e-01
1.652065081351689813e+01 -7.032462031756582244e-01
1.664580725907384462e+01 -7.185816887826995680e-01
1.677096370463078756e+01 -7.287879583789347304e-01
1.689612015018773405e+01 -7.305575424351912206e-01
1.702127659574468055e+01 -7.466833157349359595e-01
1.714643304130162704e+01 -7.545289907776662197e-01
1.727158948685857354e+01 -7.771618353058364903e-01
1.739674593241552003e+01 -7.975235485446737771e-01
1.752190237797246652e+01 -8.200071720433219635e-01
1.764705882352941302e+01 -8.382279138985331279e-01
1.777221526908635951e+01 -8.520563856159212301e-01
1.789737171464330601e+01 -8.712658935278613237e-01
1.802252816020025250e+01 -8.953381065127076210e-01
1.814768460575719899e+01 -9.194305972053267162e-01
1.827284105131414194e+01 -9.583878291686530604e-01
1.839799749687108843e+01 -9.957882148214720619e-01
1.852315394242803492e+01 -1.060330089576764001e+00
1.864831038798498142e+01 -1.106977737879052182e+00
1.877346683354192791e+01 -1.152303717556745655e+00
1.889862327909887441e+01 -1.169786399124815635e+00
1.902377972465582090e+01 -1.162260662860406635e+00
1.914893617021276739e+01 -1.162553711006701018e+00
1.927409261576971389e+01 -1.130615973617413506e+00
1.939924906132666038e+01 -1.118154676724713026e+00
1.952440550688360688e+01 -1.107918462679837068e+00
1.964956195244055337e+01 -1.063737789811307843e+00
1.977471839799749631e+01 -1.040821588331004577e+00
1.989987484355444280e+01 -1.014732129498696400e+00
2.002503128911138930e+01 -1.001973902454410537e+00
2.015018773466833579e+01 -9.947434835402489961e-01
2.027534418022528229e+01 -9.975839678487077311e-01
2.040050062578222878e+01 -9.948022945805571338e-01
2.052565707133917527e+01 -9.904920709230803366e-01
2.065081351689612177e+01 -9.906719977907323393e-01
2.077596996245306826e+01 -9.862667376280940257e-01
2.090112640801001476e+01 -9.902966112395964471e-01
2.102628285356696125e+01 -1.005744828335406904e+00
2.115143929912390419e+01 -1.014689349462025492e+00
2.127659574468085069e+01 -1.018281627078845952e+00
2.140175219023779718e+01 -1.026371370131420768e+00
2.152690863579474367e+01 -1.045947037799197732e+00
2.165206508135169017e+01 -1.040033840004108701e+00
2.177722152690863666e+01 -1.038824938932530140e+00
2.190237797246558316e+01 -1.036465757455523384e+00
2.202753441802252965e+01 -1.045024086700864219e+00
2.215269086357947614e+01 -1.065276380994393923e+00
2.227784730913642264e+01 -1.084022317419626624e+00
2.240300375469336913e+01 -1.067149226286846275e+00
2.252816020025031563e+01 -1.062609263374440838e+00
2.265331664580725857e+01 -1.066259792693384778e+00
2.277847309136420506e+01 -1.062926073057226084e+00
2.290362953692115155e+01 -1.072615379753753873e+00
2.302878598247809805e+01 -1.076175111606358703e+00
2.315394242803504454e+01 -1.088656509471235490e+00
2.327909887359199104e+01 -1.100438553669966790e+00
2.340425531914893753e+01 -1.112443461479106555e+00
2.352941176470588402e+01 -1.119946136990206398e+00
2.365456821026283052e+01 -1.120528567599519576e+00
2.377972465581977701e+01 -1.092429855651834369e+00
2.390488110137672351e+01 -1.087597324353134720e+00
2.403003754693367000e+01 -1.085542482564181066e+00
2.415519399249061294e+01 -1.093132945901408748e+00
2.428035043804755944e+01 -1.095754254990785048e+00
2.440550688360450593e+01 -1.090973678617691345e+00
2.453066332916145242e+01 -1.092133881408197116e+00
2.465581977471839892e+01 -1.104583783439844424e+00
2.478097622027534541e+01 -1.117594951465449959e+00
2.490613266583229191e+01 -1.128989880672408130e+00
2.503128911138923840e+01 -1.157176590497831281e+00
2.515644555694618489e+01 -1.155749145979846793e+00
2.528160200250313139e+01 -1.172013081367460741e+00
2.540675844806007788e+01 -1.187433224625941808e+00
2.553191489361702082e+01 -1.200167889622161255e+00
2.565707133917396732e+01 -1.207058355999074406e+00
2.578222778473091381e+01 -1.221920741187401349e+00
2.590738423028786030e+01 -1.217004514004353277e+00
2.603254067584480680e+01 -1.212204839198376405e+00
2.615769712140175329e+01 -1.206027608191554412e+00
2.628285356695869979e+01 -1.217324222195569128e+00
2.640801001251564628e+01 -1.230143270759322505e+00
2.653316645807259277e+01 -1.230096682853792478e+00
2.665832290362953927e+01 -1.253228037859569710e+00
2.678347934918648576e+01 -1.267980257181883452e+00
2.690863579474343226e+01 -1.278607655358308115e+00
2.703379224030037520e+01 -1.281150404134149046e+00
2.715894868585732169e+01 -1.288729286530855722e+00
2.728410513141426819e+01 -1.300634873705431849e+00
2.740926157697121468e+01 -1.303604075736054524e+00
2.753441802252816117e+01 -1.330940456799684313e+00
2.765957446808510767e+01 -1.355390177735329438e+00
2.778473091364205416e+01 -1.355622586853349798e+00
2.790988735919900066e+01 -1.361039125857039123e+00
2.803504380475594715e+01 -1.378709473543957786e+00
2.816020025031289364e+01 -1.389514237252948314e+00
2.828535669586984014e+01 -1.407677068759944028e+00
2.841051314142678308e+01 -1.409784885919436181e+00
2.853566958698372957e+01 -1.407890166604972793e+00
2.866082603254067607e+01 -1.399504201528022129e+00
2.878598247809762256e+01 -1.389781812814653295e+00
2.891113892365456906e+01 -1.396508027281781361e+00
2.903629536921151555e+01 -1.386256110620290416e+00
2.916145181476846204e+01 -1.378097790210018436e+00
2.928660826032540854e+01 -1.372817265346778060e+00
2.941176470588235503e+01 -1.379880444766862002e+00
2.953692115143930152e+01 -1.386267913054335610e+00
2.966207759699624802e+01 -1.382067171840147823e+00
2.978723404255319451e+01 -1.386361065062925446e+00
2.991239048811013745e+01 -1.370457097484577336e+00
3.003754693366708395e+01 -1.359148651780756056e+00
3.016270337922403044e+01 -1.348728825958026789e+00
3.028785982478097694e+01 -1.342931899246120109e+00
3.041301627033792343e+01 -1.343765949175500962e+00
3.053817271589486992e+01 -1.345226311986827072e+00
3.066332916145181642e+01 -1.340740603352158944e+00
3.078848560700876291e+01 -1.342175252388197348e+00
3.091364205256570941e+01 -1.346018893717123577e+00
3.103879849812265590e+01 -1.344420165909826048e+00
3.116395494367960239e+01 -1.353620775249597674e+00
3.128911138923654889e+01 -1.359222976482805434e+00
3.141426783479349183e+01 -1.375051875802398849e+00
3.153942428035043832e+01 -1.360344641974663427e+00
3.166458072590738482e+01 -1.358918071945501849e+00
3.178973717146433131e+01 -1.359228386926897292e+00
3.191489361702127781e+01 -1.365912548820809036e+00
3.204005006257822430e+01 -1.368633952573195200e+00
3.216520650813517079e+01 -1.371448670330758457e+00
3.229036295369211729e+01 -1.374509166013400119e+00
3.241551939924906378e+01 -1.383951376702804881e+00
3.254067584480601028e+01 -1.399647323834144252e+00
3.266583229036295677e+01 -1.407637838500554128e+00
3.279098873591990326e+01 -1.420720646546584476e+00
3.291614518147684976e+01 -1.438361880787040414e+00
3.304130162703379625e+01 -1.458936251872993362e+00
3.316645807259074274e+01 -1.484065630471342878e+00
3.329161451814768924e+01 -1.498058043936265848e+00
3.341677096370463573e+01 -1.516264920049363196e+00
3.354192740926157512e+01 -1.528891794972309537e+00
3.366708385481852162e+01 -1.540638957627910921e+00
3.379224030037546811e+01 -1.547335138908052299e+00
3.391739674593241460e+01 -1.542055670229538489e+00
3.404255319148936110e+01 -1.524912528362427411e+00
3.416770963704630759e+01 -1.524528832850505999e+00
3.429286608260325409e+01 -1.520459110178405293e+00
3.441802252816020058e+01 -1.524529430034258448e+00
3.454317897371714707e+01 -1.515204237971991663e+00
3.466833541927409357e+01 -1.521939840846500802e+00
3.479349186483104006e+01 -1.518524253361956067e+00
3.491864831038798656e+01 -1.522084470795504130e+00
3.504380475594493305e+01 -1.533329012538762193e+00
3.516896120150187954e+01 -1.535275382715634906e+00
3.529411764705882604e+01 -1.543367525659809836e+00
3.541927409261577253e+01 -1.553013302540460883e+00
3.554443053817271903e+01 -1.553189877969030519e+00
3.566958698372966552e+01 -1.552603691642551409e+00
3.579474342928661201e+01 -1.555239352176248424e+00
3.591989987484355851e+01 -1.565075726724740601e+00
3.604505632040050500e+01 -1.573485426784338781e+00
3.617021276595745150e+01 -1.588073360738802453e+00
3.629536921151439799e+01 -1.580197546626048721e+00
3.642052565707133738e+01 -1.562302752351705459e+00
3.654568210262828387e+01 -1.561781756001593413e+00
3.667083854818523037e+01 -1.570916805093278690e+00
3.679599499374217686e+01 -1.561241203336962036e+00
3.692115143929912335e+01 -1.560286729999549760e+00
3.704630788485606985e+01 -1.554560932683734631e+00
3.717146433041301634e+01 -1.564248239219716341e+00
3.729662077596996284e+01 -1.564639172367882303e+00
3.742177722152690933e+01 -1.558042539304594465e+00
3.754693366708385582e+01 -1.564806376640730745e+00
3.767209011264080232e+01 -1.568559312755018587e+00
3.779724655819774881e+01 -1.575109479730004480e+00
3.792240300375469531e+01 -1.593248741360198117e+00
3.804755944931164180e+01 -1.591446678482559163e+00
3.817271589486858829e+01 -1.591485244370337115e+00
3.829787234042553479e+01 -1.583123291273602851e+00
3.842302878598248128e+01 -1.590019123831126091e+00
3.854818523153942778e+01 -1.596558110152003440e+00
3.867334167709637427e+01 -1.593603418394430093e+00
3.879849812265332076e+01 -1.606543837938466224e+00
3.892365456821026726e+01 -1.610042544996224123e+00
3.904881101376721375e+01 -1.613816018701698773e+00
3.917396745932416025e+01 -1.606927855209581590e+00
3.929912390488110674e+01 -1.608336735405103912e+00
3.942428035043804613e+01 -1.613046597053714670e+00
3.954943679599499262e+01 -1.626206496203574492e+00
3.967459324155193912e+01 -1.625566606887300702e+00
3.979974968710888561e+01 -1.619102326982433393e+00
3.992490613266583210e+01 -1.618335314596064389e+00
4.005006257822277860e+01 -1.617934778209262792e+00
4.017521902377972509e+01 -1.615844357174237356e+00
4.030037546933667159e+01 -1.621286336606379663e+00
4.042553191489361808e+01 -1.629518913432449700e+00
4.055068836045056457e+01 -1.635211330621955561e+00
4.067584480600751107e+01 -1.640375774928499286e+00
4.080100125156445756e+01 -1.636923741959827927e+00
4.092615769712140406e+01 -1.640390379226098094e+00
4.105131414267835055e+01 -1.646995525836598029e+00
4.117647058823529704e+01 -1.650396768567563344e+00
4.130162703379224354e+01 -1.663445920498937136e+00
4.142678347934919003e+01 -1.674091169305727655e+00
4.155193992490613653e+01 -1.681498486449247043e+00
4.167709637046308302e+01 -1.693027891481675873e+00
4.180225281602002951e+01 -1.693114521717164811e+00
4.192740926157697601e+01 -1.691739798842504028e+00
4.205256570713392250e+01 -1.703592898404681089e+00
4.217772215269086900e+01 -1.707098603461508546e+00
4.230287859824780838e+01 -1.705549073347722766e+00
4.242803504380475488e+01 -1.705533635499019374e+00
4.255319148936170137e+01 -1.702700432379503415e+00
4.267834793491864787e+01 -1.700495898116214599e+00
4.280350438047559436e+01 -1.694533513627988874e+00
4.292866082603254085e+01 -1.697896126346374768e+00
4.305381727158948735e+01 -1.700470109123792595e+00
4.317897371714643384e+01 -1.686623733895262545e+00
4.330413016270338034e+01 -1.691086360172586733e+00
4.342928660826032683e+01 -1.689155783384216569e+00
4.355444305381727332e+01 -1.694012529806705913e+00
4.367959949937421982e+01 -1.698319882605521691e+00
4.380475594493116631e+01 -1.702222692514267388e+00
4.392991239048811281e+01 -1.697302209303966247e+00
4.405506883604505930e+01 -1.699727504586254323e+00
4.418022528160200579e+01 -1.698594560263408271e+00
4.430538172715895229e+01 -1.697751583834619327e+00
4.443053817271589878e+01 -1.699547715831119410e+00
4.455569461827284528e+01 -1.697327136431627581e+00
4.468085106382979177e+01 -1.696279264354341842e+00
4.480600750938673826e+01 -1.701977337581134675e+00
4.493116395494368476e+01 -1.699911441952376201e+00
4.505632040050063125e+01 -1.704570154221910494e+00
4.518147684605757064e+01 -1.701539808767812412e+00
4.530663329161451713e+01 -1.706005581622308531e+00
4.543178973717146363e+01 -1.703914000418453201e+00
4.555694618272841012e+01 -1.702285167139762523e+00
4.568210262828535662e+01 -1.704167006814587770e+00
4.580725907384230311e+01 -1.700873099471096106e+00
4.593241551939924960e+01 -1.696967273519720987e+00
4.605757196495619610e+01 -1.704814696455601908e+00
4.618272841051314259e+01 -1.707420606619350911e+00
4.630788485607008909e+01 -1.709685016749562969e+00
4.643304130162703558e+01 -1.704162592198983139e+00
4.655819774718398207e+01 -1.702003528055681780e+00
4.668335419274092857e+01 -1.706809397740130851e+00
4.680851063829787506e+01 -1.707914875465321503e+00
4.693366708385482156e+01 -1.695307487034943383e+00
4.705882352941176805e+01 -1.695653700350876480e+00
4.718397997496871454e+01 -1.690009771876767042e+00
4.730913642052566104e+01 -1.694734643047160816e+00
4.743429286608260753e+01 -1.705301593322163578e+00
4.755944931163955403e+01 -1.707490162027935687e+00
4.768460575719650052e+01 -1.709251155488803686e+00
4.780976220275344701e+01 -1.715097531542537634e+00
4.793491864831039351e+01 -1.724311821457241711e+00
4.806007509386734000e+01 -1.733399308035159514e+00
4.818523153942427939e+01 -1.747493987387635617e+00
4.831038798498122588e+01 -1.749590803790147309e+00
4.843554443053817238e+01 -1.762296082577305301e+00
4.856070087609511887e+01 -1.775094626317517799e+00
4.868585732165206537e+01 -1.778686901360992278e+00
4.881101376720901186e+01 -1.780207460431811661e+00
4.893617021276595835e+01 -1.787766362514865204e+00
4.906132665832290485e+01 -1.792339269820235836e+00
4.918648310387985134e+01 -1.792122292360756042e+00
4.931163954943679784e+01 -1.809055472003072929e+00
4.943679599499374433e+01 -1.813147863905632651e+00
4.956195244055069082e+01 -1.813803874812162098e+00
4.968710888610763732e+01 -1.815526500559505596e+00
4.981226533166458381e+01 -1.811808941358286074e+00
4.993742177722153031e+01 -1.811303424831618436e+00
5.006257822277847680e+01 -1.797623823919734631e+00
5.018773466833542329e+01 -1.802376547159344256e+00
5.031289111389236979e+01 -1.794917750646577215e+00
5.043804755944931628e+01 -1.795387314016738234e+00
5.056320400500626278e+01 -1.790211153999353932e+00
5.068836045056320927e+01 -1.792604599041242031e+00
5.081351689612015576e+01 -1.802334107444265809e+00
5.093867334167710226e+01 -1.817168672586490175e+00
5.106382978723404165e+01 -1.824286736380791751e+00
5.118898623279098814e+01 -1.816172605007540852e+00
5.131414267834793463e+01 -1.800394510589449215e+00
5.143929912390488113e+01 -1.802411351482683832e+00
5.156445556946182762e+01 -1.807911343494418510e+00
5.168961201501877412e+01 -1.786209044752631092e+00
5.181476846057572061e+01 -1.770150429134985215e+00
5.193992490613266710e+01 -1.770779157187012620e+00
5.206508135168961360e+01 -1.767373693647736665e+00
5.219023779724656009e+01 -1.774631188856861330e+00
5.231539424280350659e+01 -1.770702070785783233e+00
5.244055068836045308e+01 -1.754086618388457364e+00
5.256570713391739957e+01 -1.751801246499685494e+00
5.269086357947434607e+01 -1.742556526828468177e+00
5.281602002503129256e+01 -1.731387415284773690e+00
5.294117647058823906e+01 -1.729064531263400317e+00
5.306633291614518555e+01 -1.720498720221851796e+00
5.319148936170213204e+01 -1.726985186277821605e+00
5.331664580725907854e+01 -1.724457845691136804e+00
5.344180225281602503e+01 -1.718208903855079628e+00
5.356695869837297153e+01 -1.717675113716771840e+00
5.369211514392991802e+01 -1.709244105185240281e+00
5.381727158948686451e+01 -1.702258808982843430e+00
5.394242803504380390e+01 -1.708659828535188607e+00
5.406758448060075040e+01 -1.700505208251039235e+00
5.419274092615769689e+01 -1.694575469319940852e+00
5.431789737171464338e+01 -1.690449883666329089e+00
5.444305381727158988e+01 -1.693821932625503512e+00
5.456821026282853637e+01 -1.687572428741352493e+00
5.469336670838548287e+01 -1.688989014825918789e+00
5.481852315394242936e+01 -1.691731371468820022e+00
5.494367959949937585e+01 -1.700794520266397658e+00
5.506883604505632235e+01 -1.708198730509972840e+00
5.519399249061326884e+01 -1.712070429736968213e+00
5.531914893617021534e+01 -1.721808101573056415e+00
5.544430538172716183e+01 -1.721073789064114345e+00
5.556946182728410832e+01 -1.710402057674343501e+00
5.569461827284105482e+01 -1.704281133043754393e+00
5.581977471839800131e+01 -1.698511046247103806e+00
5.594493116395494781e+01 -1.697381152477376309e+00
5.607008760951189430e+01 -1.696825754685880705e+00
5.619524405506884079e+01 -1.691659286403200069e+00
5.632040050062578729e+01 -1.690224784448733919e+00
5.644555694618273378e+01 -1.695746665245828622e+00
5.657071339173968028e+01 -1.700824028753444628e+00
5.669586983729662677e+01 -1.687489033744257627e+00
5.682102628285356616e+01 -1.687443337915398800e+00
5.694618272841051265e+01 -1.692251858854972202e+00
5.707133917396745915e+01 -1.675539748482903546e+00
5.719649561952440564e+01 -1.675676273946522077e+00
5.732165206508135213e+01 -1.665857532957167875e+00
5.744680851063829863e+01 -1.657688567777667821e+00
5.757196495619524512e+01 -1.653860048709298258e+00
5.769712140175219162e+01 -1.656429356774093531e+00
5.782227784730913811e+01 -1.664556515281355731e+00
5.794743429286608460e+01 -1.664049553383241564e+00
5.807259073842303110e+01 -1.670615127328610727e+00
5.819774718397997759e+01 -1.671683954484390666e+00
5.832290362953692409e+01 -1.669326232261528320e+00
5.844806007509387058e+01 -1.665716680493671609e+00
5.857321652065081707e+01 -1.663933785802223619e+00
5.869837296620776357e+01 -1.661350677445333046e+00
5.882352941176471006e+01 -1.661586979777107231e+00
5.894868585732165656e+01 -1.668724054631256948e+00
5.907384230287860305e+01 -1.662458799431686618e+00
5.919899874843554954e+01 -1.666304633711671146e+00
5.932415519399249604e+01 -1.661774490813952454e+00
5.944931163954944253e+01 -1.654474062051093153e+00
5.957446808510638903e+01 -1.658164321622580539e+00
5.969962453066333552e+01 -1.655449900884147008e+00
5.982478097622027491e+01 -1.657118637017135354e+00
5.994993742177722140e+01 -1.651287565081120068e+00
6.007509386733416790e+01 -1.653819936925188028e+00
6.020025031289111439e+01 -1.645884329827597137e+00
6.032540675844806088e+01 -1.643631870952237284e+00
6.045056320400500738e+01 -1.633410447436086432e+00
6.057571964956195387e+01 -1.635456552560445198e+00
6.070087609511890037e+01 -1.638092267984040173e+00
6.082603254067584686e+01 -1.636897215718367216e+00
6.095118898623279335e+01 -1.647595644927275282e+00
6.107634543178973985e+01 -1.645452331790317135e+00
6.120150187734668634e+01 -1.644229837613882417e+00
6.132665832290363284e+01 -1.652860659255163123e+00
6.145181476846057933e+01 -1.658302181947768350e+00
6.157697121401752582e+01 -1.661849031010872002e+00
6.170212765957447232e+01 -1.662588343280487768e+00
6.182728410513141881e+01 -1.658016736400929947e+00
6.195244055068836531e+01 -1.655229761557259760e+00
6.207759699624531180e+01 -1.645673453986833845e+00
6.220275344180225829e+01 -1.641647905860823764e+00
6.232790988735920479e+01 -1.646252824773730028e+00
6.245306633291615128e+01 -1.650913557638226559e+00
6.257822277847309778e+01 -1.649979919483738566e+00
6.270337922403003716e+01 -1.642343410374770274e+00
6.282853566958698366e+01 -1.634329589507165670e+00
6.295369211514393015e+01 -1.640082524462293190e+00
6.307884856070087665e+01 -1.649326917482907273e+00
6.320400500625782314e+01 -1.654973820967682752e+00
6.332916145181476963e+01 -1.646602208153596258e+00
6.345431789737171613e+01 -1.644303102946572448e+00
6.357947434292866262e+01 -1.638373104620220566e+00
6.370463078848560912e+01 -1.633432765225421912e+00
6.382978723404255561e+01 -1.630674990563745652e+00
6.395494367959950210e+01 -1.633654281653837970e+00
6.408010012515644860e+01 -1.629712199707817666e+00
6.420525657071338799e+01 -1.632707163238954706e+00
6.433041301627034159e+01 -1.632741748633507406e+00
6.445556946182728097e+01 -1.629995141612311293e+00
6.458072590738423457e+01 -1.636709122076007938e+00
6.470588235294117396e+01 -1.637325810017840499e+00
6.483103879849812756e+01 -1.638461442175590088e+00
6.495619524405506695e+01 -1.646800591324474983e+00
6.508135168961202055e+01 -1.643751967466912323e+00
6.520650813516895994e+01 -1.637553025940769347e+00
6.533166458072591354e+01 -1.638220025518884349e+00
6.545682102628285293e+01 -1.641699833538831532e+00
6.558197747183980653e+01 -1.636718429839039368e+00
6.570713391739674591e+01 -1.647633389075791932e+00
6.583229036295369951e+01 -1.647429159965472012e+00
6.595744680851063890e+01 -1.653230095612746808e+00
6.608260325406759250e+01 -1.655080986103801610e+00
6.620775969962453189e+01 -1.654899016280235280e+00
6.633291614518148549e+01 -1.665117671492917673e+00
6.645807259073842488e+01 -1.667609434207189434e+00
6.658322903629537848e+01 -1.664979593001922442e+00
6.670838548185231787e+01 -1.664355467186861004e+00
6.683354192740927147e+01 -1.668637159918902935e+00
6.695869837296621085e+01 -1.667771496596974767e+00
6.708385481852315024e+01 -1.674881510607182156e+00
6.720901126408010384e+01 -1.671319126227446938e+00
6.733416770963704323e+01 -1.672229466435525502e+00
6.745932415519399683e+01 -1.678699165434897500e+00
6.758448060075093622e+01 -1.673343397041323399e+00
6.770963704630788982e+01 -1.684259821685855973e+00
6.783479349186482921e+01 -1.688960718664123339e+00
6.795994993742178281e+01 -1.692032464526358249e+00
6.808510638297872219e+01 -1.700275447737377155e+00
6.821026282853567579e+01 -1.697198174111135938e+00
6.833541927409261518e+01 -1.696439172457131273e+00
6.846057571964956878e+01 -1.693982919253255837e+00
6.858573216520650817e+01 -1.694484640484664295e+00
6.871088861076346177e+01 -1.688858920307211742e+00
6.883604505632040116e+01 -1.692291438478435550e+00
6.896120150187735476e+01 -1.699651060618717846e+00
6.908635794743429415e+01 -1.700969260733747879e+00
6.921151439299124775e+01 -1.708401954387422261e+00
6.933667083854818713e+01 -1.705366029545805739e+00
6.946182728410514073e+01 -1.711902555690809846e+00
6.958698372966208012e+01 -1.727115710818629024e+00
6.971214017521903372e+01 -1.720111812057825817e+00
6.983729662077597311e+01 -1.720590191844985739e+00
6.996245306633291250e+01 -1.714963446932528335e+00
7.008760951188986610e+01 -1.713740819545314542e+00
7.021276595744680549e+01 -1.717591714527047841e+00
7.033792240300375909e+01 -1.724821279731921120e+00
7.046307884856069848e+01 -1.712776169532069792e+00
7.058823529411765207e+01 -1.709512510697963394e+00
7.071339173967459146e+01 -1.713139498251158743e+00
7.083854818523154506e+01 -1.725851107776140925e+00
7.096370463078848445e+01 -1.718067822043362725e+00
7.108886107634543805e+01 -1.716930447946644511e+00
7.121401752190237744e+01 -1.720906749790654500e+00
7.133917396745933104e+01 -1.724175869406638029e+00
7.146433041301627043e+01 -1.731970567673853045e+00
7.158948685857322403e+01 -1.729285260023636583e+00
7.171464330413016341e+01 -1.716272081478255940e+00
7.183979974968711701e+01 -1.701656091982796548e+00
7.196495619524405640e+01 -1.697506535464015975e+00
7.209011264080101000e+01 -1.697995775120656248e+00
7.221526908635794939e+01 -1.695996681754883273e+00
7.234042553191490299e+01 -1.684317327707940848e+00
7.246558197747184238e+01 -1.680394970257981901e+00
7.259073842302879598e+01 -1.678005679524874338e+00
7.271589486858573537e+01 -1.671168435117216688e+00
7.284105131414267476e+01 -1.666979538276696093e+00
7.296620775969962835e+01 -1.666970428802049042e+00
7.309136420525656774e+01 -1.665138558148986370e+00
7.321652065081352134e+01 -1.662445598291122595e+00
7.334167709637046073e+01 -1.658666961361549674e+00
7.346683354192741433e+01 -1.659250293679880750e+00
7.359198998748435372e+01 -1.662947239453558268e+00
7.371714643304130732e+01 -1.665775989771528520e+00
7.384230287859824671e+01 -1.661387707426886795e+00
7.396745932415520031e+01 -1.657286539513372459e+00
7.409261576971213970e+01 -1.659578894639036850e+00
7.421777221526909329e+01 -1.656460740368473461e+00
7.434292866082603268e+01 -1.658096722484609709e+00
7.446808510638298628e+01 -1.660321937096188805e+00
7.459324155193992567e+01 -1.657511978782915341e+00
7.471839799749687927e+01 -1.663155472095634524e+00
7.484355444305381866e+01 -1.665023805095412257e+00
7.496871088861077226e+01 -1.668067905739568646e+00
7.509386733416771165e+01 -1.660723520371375272e+00
7.521902377972466525e+01 -1.663164775472693702e+00
7.534418022528160463e+01 -1.658591007207023349e+00
7.546933667083855823e+01 -1.665136921221497479e+00
7.559449311639549762e+01 -1.658308125147966328e+00
7.571964956195245122e+01 -1.664130030918815395e+00
7.584480600750939061e+01 -1.665410684414284415e+00
7.596996245306633000e+01 -1.672086282664129397e+00
7.609511889862328360e+01 -1.674752495408025288e+00
7.622027534418022299e+01 -1.666831092567409245e+00
7.634543178973717659e+01 -1.669972601334492213e+00
7.647058823529411598e+01 -1.670109434875896470e+00
7.659574468085106957e+01 -1.670747150698304928e+00
7.672090112640800896e+01 -1.670236444317052982e+00
7.684605757196496256e+01 -1.668433881165489741e+00
7.697121401752190195e+01 -1.668994146409145340e+00
7.709637046307885555e+01 -1.668125540464081347e+00
7.722152690863579494e+01 -1.674796611698580406e+00
7.734668335419274854e+01 -1.669113917528052271e+00
7.747183979974968793e+01 -1.663943454730861582e+00
7.759699624530664153e+01 -1.658290788279649597e+00
7.772215269086358091e+01 -1.660186571365030783e+00
7.784730913642053451e+01 -1.666586857516800801e+00
7.797246558197747390e+01 -1.663778514015592291e+00
7.809762202753442750e+01 -1.664462266436792071e+00
7.822277847309136689e+01 -1.656472022783462617e+00
7.834793491864832049e+01 -1.657343977542594882e+00
7.847309136420525988e+01 -1.656473937250721340e+00
7.859824780976221348e+01 -1.655878640066510199e+00
7.872340425531915287e+01 -1.649661986371312672e+00
7.884856070087609226e+01 -1.648346184815222104e+00
7.897371714643304585e+01 -1.650767585947240601e+00
7.909887359198998524e+01 -1.660508989280242265e+00
7.922403003754693884e+01 -1.661137748175301354e+00
7.934918648310387823e+01 -1.662663208199991249e+00
7.947434292866083183e+01 -1.658470639232778820e+00
7.959949937421777122e+01 -1.661960982130870512e+00
7.972465581977472482e+01 -1.657154886228530577e+00
7.984981226533166421e+01 -1.663323050866103214e+00
7.997496871088861781e+01 -1.661515353067891221e+00
8.010012515644555720e+01 -1.656862242663597495e+00
8.022528160200251079e+01 -1.654656015338038300e+00
8.035043804755945018e+01 -1.660279108837817486e+00
8.047559449311640378e+01 -1.672685550132763765e+00
8.060075093867334317e+01 -1.668849854712599612e+00
8.072590738423029677e+01 -1.666768250327389733e+00
8.085106382978723616e+01 -1.657786009919585357e+00
8.097622027534418976e+01 -1.656105686206025052e+00
8.110137672090112915e+01 -1.664033163304168728e+00
8.122653316645808275e+01 -1.661425252686834053e+00
8.135168961201502213e+01 -1.675223454207565243e+00
8.147684605757197573e+01 -1.668445342277411925e+00
8.160200250312891512e+01 -1.673979708628667185e+00
8.172715894868585451e+01 -1.674718590686387065e+00
8.185231539424280811e+01 -1.683001194716947202e+00
8.197747183979974750e+01 -1.685729243452177561e+00
8.210262828535670110e+01 -1.688267655680810053e+00
8.222778473091364049e+01 -1.692849789939374849e+00
8.235294117647059409e+01 -1.694005196362240451e+00
8.247809762202753348e+01 -1.690694154794868842e+00
8.260325406758448707e+01 -1.694498799464297711e+00
8.272841051314142646e+01 -1.692370980711309203e+00
8.285356695869838006e+01 -1.693186965823648249e+00
8.297872340425531945e+01 -1.692696528951396218e+00
8.310387984981227305e+01 -1.693859289515499356e+00
8.322903629536921244e+01 -1.697520468339117405e+00
8.335419274092616604e+01 -1.703984455801828446e+00
8.347934918648310543e+01 -1.710034797475755486e+00
8.360450563204005903e+01 -1.703254326499157312e+00
8.372966207759699842e+01 -1.705458153910017982e+00
8.385481852315395201e+01 -1.701466658891104489e+00
8.397997496871089140e+01 -1.700358217280115047e+00
8.410513141426784500e+01 -1.693803198708973223e+00
8.423028785982478439e+01 -1.694845430864044378e+00
8.435544430538173799e+01 -1.681729830928582414e+00
8.448060075093867738e+01 -1.679781211647294770e+00
8.460575719649561677e+01 -1.678759475055686456e+00
8.473091364205257037e+01 -1.678154326956257325e+00
8.485607008760950976e+01 -1.683351844374937789e+00
8.498122653316646335e+01 -1.680955563283881737e+00
8.510638297872340274e+01 -1.685245456566261124e+00
8.523153942428035634e+01 -1.678739708888832061e+00
8.535669586983729573e+01 -1.678761597253723981e+00
8.548185231539424933e+01 -1.682534443943691338e+00
8.560700876095118872e+01 -1.682149162249512608e+00
8.573216520650814232e+01 -1.684541110637999939e+00
8.585732165206508171e+01 -1.685141118173919095e+00
8.598247809762203531e+01 -1.687558973114023475e+00
8.610763454317897470e+01 -1.686295227499471361e+00
8.623279098873592829e+01 -1.688209087390130314e+00
8.635794743429286768e+01 -1.695885669142925822e+00
8.648310387984982128e+01 -1.697990309617872340e+00
8.660826032540676067e+01 -1.693777298538953202e+00
8.673341677096371427e+01 -1.695555577235562383e+00
8.685857321652065366e+01 -1.698941438900357870e+00
8.698372966207760726e+01 -1.704406364691969600e+00
8.710888610763454665e+01 -1.699493661409604783e+00
8.723404255319150025e+01 -1.697459651407883907e+00
8.735919899874843964e+01 -1.685919855566512027e+00
8.748435544430537902e+01 -1.678246977219809866e+00
8.760951188986233262e+01 -1.675768736857140118e+00
8.773466833541927201e+01 -1.673348370612085523e+00
8.785982478097622561e+01 -1.677709971372264297e+00
8.798498122653316500e+01 -1.674789735555612502e+00
8.811013767209011860e+01 -1.674195609152918873e+00
8.823529411764705799e+01 -1.678643421745974917e+00
8.836045056320401159e+01 -1.673837942237808463e+00
8.848560700876095098e+01 -1.675901919489948044e+00
8.861076345431790457e+01 -1.673394646719122969e+00
8.873591989987484396e+01 -1.677296601639403084e+00
8.886107634543179756e+01 -1.667642099012213608e+00
8.898623279098873695e+01 -1.668925568422551020e+00
8.911138923654569055e+01 -1.666918815884081750e+00
8.923654568210262994e+01 -1.676641672461488541e+00
8.936170212765958354e+01 -1.673225747005630870e+00
8.948685857321652293e+01 -1.667824762422547069e+00
8.961201501877347653e+01 -1.670284964492077862e+00
8.973717146433041592e+01 -1.665310881211649052e+00
8.986232790988736951e+01 -1.662681575379157950e+00
8.998748435544430890e+01 -1.662443210643802960e+00
9.011264080100126250e+01 -1.663663088410466173e+00
9.023779724655820189e+01 -1.661595569601770128e+00
9.036295369211514128e+01 -1.662175174307275904e+00
9.048811013767209488e+01 -1.660250428887725782e+00
9.061326658322903427e+01 -1.666672272997731463e+00
9.073842302878598787e+01 -1.663311420226523563e+00
9.086357947434292726e+01 -1.649416737756631557e+00
9.098873591989988086e+01 -1.645299682932693575e+00
9.111389236545682024e+01 -1.643305443731722049e+00
9.123904881101377384e+01 -1.645931526786410082e+00
9.136420525657071323e+01 -1.647282994527928590e+00
9.148936170212766683e+01 -1.654004464696688270e+00
9.161451814768460622e+01 -1.650512357782286665e+00
9.173967459324155982e+01 -1.654623871179618844e+00
9.186483103879849921e+01 -1.652118093056091919e+00
9.198998748435545281e+01 -1.643972125108380089e+00
9.211514392991239220e+01 -1.645165098772044532e+00
9.224030037546934579e+01 -1.638209024242423428e+00
9.236545682102628518e+01 -1.638368796660868432e+00
9.249061326658323878e+01 -1.640898182182388254e+00
9.261576971214017817e+01 -1.640619400451093668e+00
9.274092615769713177e+01 -1.641574859053965163e+00
9.286608260325407116e+01 -1.640993283726092544e+00
9.299123904881102476e+01 -1.642462430473824675e+00
9.311639549436796415e+01 -1.640127763911047198e+00
9.324155193992490354e+01 -1.637922264313856013e+00
9.336670838548185714e+01 -1.633832905218884468e+00
9.349186483103879652e+01 -1.630955097996034997e+00
9.361702127659575012e+01 -1.627050105910651467e+00
9.374217772215268951e+01 -1.626303137988555525e+00
9.386733416770964311e+01 -1.627267861473254973e+00
9.399249061326658250e+01 -1.636409242870935365e+00
9.411764705882353610e+01 -1.633938759481214920e+00
9.424280350438047549e+01 -1.631958866769279703e+00
9.436795994993742909e+01 -1.631149895252293813e+00
9.449311639549436848e+01 -1.628385893419602493e+00
9.461827284105132208e+01 -1.624843491969228726e+00
9.474342928660826146e+01 -1.624791247982741105e+00
9.486858573216521506e+01 -1.624123849536907027e+00
9.499374217772215445e+01 -1.634589977386964543e+00
9.511889862327910805e+01 -1.630981167956559119e+00
9.524405506883604744e+01 -1.624583429788771127e+00
9.536921151439300104e+01 -1.628223641908204566e+00
9.549436795994994043e+01 -1.627471883152122212e+00
9.561952440550689403e+01 -1.627301420923412678e+00
9.574468085106383342e+01 -1.622238335779553564e+00
9.586983729662078701e+01 -1.624618005899606255e+00
9.599499374217772640e+01 -1.624992724998229665e+00
9.612015018773468000e+01 -1.630001587635013793e+00
9.624530663329161939e+01 -1.621647257939166309e+00
9.637046307884855878e+01 -1.618481841198258442e+00
9.649561952440551238e+01 -1.616121042142137698e+00
9.662077596996245177e+01 -1.621085826919294481e+00
9.674593241551940537e+01 -1.615181159248131770e+00
9.687108886107634476e+01 -1.619117369081131574e+00
9.699624530663329836e+01 -1.618091863287110410e+00
9.712140175219023774e+01 -1.612285414394458938e+00
9.724655819774719134e+01 -1.606591783140798535e+00
9.737171464330413073e+01 -1.603973099120088230e+00
9.749687108886108433e+01 -1.602118232070671278e+00
9.762202753441802372e+01 -1.598782048785776233e+00
9.774718397997497732e+01 -1.600208859478065460e+00
9.787234042553191671e+01 -1.597608750779015319e+00
9.799749687108887031e+01 -1.601977897292142128e+00
9.812265331664580970e+01 -1.600313366045994723e+00
9.824780976220276330e+01 -1.602969007559466919e+00
9.837296620775970268e+01 -1.599588538080931377e+00
9.849812265331665628e+01 -1.596400155093530948e+00
9.862327909887359567e+01 -1.594708367317479114e+00
9.874843554443054927e+01 -1.595188099663054748e+00
9.887359198998748866e+01 -1.591317944117547345e+00
9.899874843554444226e+01 -1.596212217769884090e+00
9.912390488110138165e+01 -1.599580291643390773e+00
9.924906132665832104e+01 -1.599852973048103255e+00
9.937421777221527464e+01 -1.599750468852336072e+00
9.949937421777221402e+01 -1.593191507532466078e+00
9.962453066332916762e+01 -1.588414486088125743e+00
9.974968710888610701e+01 -1.588027537084965468e+00
9.987484355444306061e+01 -1.588267286087219343e+00
1.000000000000000000e+02 -1.582951856952368175e+00
