# r   Lambda(r)
0.000000000000000000e+00 9.440273707010488069e-01
1.251564455569461887e-01 9.818251068835768258e-01
2.503128911138923773e-01 1.020337579545159246e+00
3.754693366708385938e-01 1.057120986081734992e+00
5.006257822277847547e-01 1.092731641874833182e+00
6.257822277847309156e-01 1.123685895510945887e+00
7.509386733416771875e-01 1.151879334053673487e+00
8.760951188986233484e-01 1.175634370999117939e+00
1.001251564455569509e+00 1.195604432296722530e+00
1.126408010012515781e+00 1.214743340278940043e+00
1.251564455569461831e+00 1.230128103902013104e+00
1.376720901126408103e+00 1.242256508974642015e+00
1.501877346683354375e+00 1.251298558573943120e+00
1.627033792240300425e+00 1.258028225604961303e+00
1.752190237797246697e+00 1.262203896816111559e+00
1.877346683354192747e+00 1.263587361146871313e+00
2.002503128911139019e+00 1.263313809614239558e+00
2.127659574468085069e+00 1.260396238205204966e+00
2.252816020025031563e+00 1.255935177070502284e+00
2.377972465581977612e+00 1.248583791629156003e+00
2.503128911138923662e+00 1.239663427251848971e+00
2.628285356695870156e+00 1.228385548940420957e+00
2.753441802252816206e+00 1.211119873041114570e+00
2.878598247809762256e+00 1.201801569481607324e+00
3.003754693366708750e+00 1.187616414327391290e+00
3.128911138923654800e+00 1.169563547308925200e+00
3.254067584480600850e+00 1.152722834229632065e+00
3.379224030037546900e+00 1.132541283528898601e+00
3.504380475594493394e+00 1.109552079749319242e+00
3.629536921151439444e+00 1.086135989821791714e+00
3.754693366708385494e+00 1.059429420426240442e+00
3.879849812265331988e+00 1.035684665699542428e+00
4.005006257822278037e+00 1.007175035741961766e+00
4.130162703379224531e+00 9.745071121975950046e-01
4.255319148936170137e+00 9.458295501526660098e-01
4.380475594493116631e+00 9.176000154231417349e-01
4.505632040050063125e+00 8.909701834794288011e-01
4.630788485607008731e+00 8.609514036433646433e-01
4.755944931163955225e+00 8.314856400989708574e-01
4.881101376720901719e+00 7.969917345259216468e-01
5.006257822277847325e+00 7.519664781540205123e-01
5.131414267834793819e+00 7.170574791029026285e-01
5.256570713391740313e+00 6.770558087821153537e-01
5.381727158948685918e+00 6.442890099520284242e-01
5.506883604505632412e+00 6.053367243225850070e-01
5.632040050062578906e+00 5.637486772774961130e-01
5.757196495619524512e+00 5.289929202239526118e-01
5.882352941176471006e+00 4.891104362946813167e-01
6.007509386733417500e+00 4.545113006876601025e-01
6.132665832290363106e+00 4.057547421799223564e-01
6.257822277847309600e+00 3.689453207374573385e-01
6.382978723404255206e+00 3.251515513741313756e-01
6.508135168961201700e+00 2.761390471897534615e-01
6.633291614518148194e+00 2.304662176440142873e-01
6.758448060075093800e+00 1.841341119350479172e-01
6.883604505632040294e+00 1.378117791068048104e-01
7.008760951188986787e+00 8.349285417003671217e-02
7.133917396745932393e+00 3.073367402784580801e-02
7.259073842302878887e+00 -7.986543803694397953e-03
7.384230287859825381e+00 -5.378796314719143379e-02
7.509386733416770987e+00 -1.000450583667279042e-01
7.634543178973717481e+00 -1.484688945269264648e-01
7.759699624530663975e+00 -2.042278279373025140e-01
7.884856070087609581e+00 -2.422683637451920613e-01
8.010012515644556075e+00 -2.878503617468606834e-01
8.135168961201502569e+00 -3.425598451383185528e-01
8.260325406758449063e+00 -3.994937249700821202e-01
8.385481852315393780e+00 -4.489329751532555313e-01
8.510638297872340274e+00 -4.946220127738241157e-01
8.635794743429286768e+00 -5.421024132737310985e-01
8.760951188986233262e+00 -5.962721419626709762e-01
8.886107634543179756e+00 -6.551375110336961072e-01
9.011264080100126250e+00 -7.023425273552941217e-01
9.136420525657070968e+00 -7.542302418927193663e-01
9.261576971214017462e+00 -8.025214947294107004e-01
9.386733416770963956e+00 -8.580450991091708168e-01
9.511889862327910450e+00 -9.095878103608030507e-01
9.637046307884856944e+00 -9.518394589430442254e-01
9.762202753441803438e+00 -9.956022854004688005e-01
9.887359198998748155e+00 -1.055985484742075320e+00
1.001251564455569465e+01 -1.086081393701406883e+00
1.013767209011264114e+01 -1.134698204241733066e+00
1.026282853566958764e+01 -1.176157190908589278e+00
1.038798498122653413e+01 -1.233652725445431031e+00
1.051314142678348063e+01 -1.289810726113187700e+00
1.063829787234042534e+01 -1.348357449869448832e+00
1.076345431789737184e+01 -1.392581332100734759e+00
1.088861076345431833e+01 -1.449678002243420583e+00
1.101376720901126482e+01 -1.499409771807744818e+00
1.113892365456821132e+01 -1.556910326936415734e+00
1.126408010012515781e+01 -1.600923547265635571e+00
1.138923654568210253e+01 -1.652345926642249774e+00
1.151439299123904902e+01 -1.714625960319806408e+00
1.163954943679599552e+01 -1.725637673586776888e+00
1.176470588235294201e+01 -1.729988880857649347e+00
1.188986232790988851e+01 -1.759117082958333578e+00
1.201501877346683500e+01 -1.759067762796090673e+00
1.214017521902377972e+01 -1.777635126685365163e+00
1.226533166458072621e+01 -1.803151086580027096e+00
1.239048811013767271e+01 -1.866237765141080418e+00
1.251564455569461920e+01 -1.916450604168105309e+00
1.264080100125156569e+01 -1.976655114630710086e+00
1.276595744680851041e+01 -2.014070400890588530e+00
1.289111389236545691e+01 -2.061114443401597107e+00
1.301627033792240340e+01 -2.100627493660028655e+00
1.314142678347934989e+01 -2.142451976138413539e+00
1.326658322903629639e+01 -2.176994938343567387e+00
1.339173967459324288e+01 -2.190973202891278504e+00
1.351689612015018760e+01 -2.198571007596161753e+00
1.364205256570713409e+01 -2.226185425776342708e+00
1.376720901126408059e+01 -2.240751751073947418e+00
1.389236545682102708e+01 -2.257639195353287054e+00
1.401752190237797357e+01 -2.277165060526646467e+00
1.414267834793492007e+01 -2.297066284656668067e+00
1.426783479349186479e+01 -2.331858153275456313e+00
1.439299123904881128e+01 -2.360165511642271952e+00
1.451814768460575777e+01 -2.400754566983083649e+00
1.464330413016270427e+01 -2.433164913229818094e+00
1.476846057571965076e+01 -2.452961795616806384e+00
1.489361702127659726e+01 -2.480511338256252252e+00
1.501877346683354197e+01 -2.525185341443927811e+00
1.514392991239048847e+01 -2.538885400337640430e+00
1.526908635794743496e+01 -2.575880555630447599e+00
1.539424280350438146e+01 -2.594825041227505125e+00
1.551939924906132795e+01 -2.609057105836328994e+00
1.564455569461827444e+01 -2.634575253118916383e+00
1.576971214017521916e+01 -2.662431458527293682e+00
1.589486858573216566e+01 -2.683328719986779021e+00
1.602002503128911215e+01 -2.709651409836646874e+00
1.614518147684605864e+01 -2.745616323571040240e+00
1.627033792240300514e+01 -2.750561618828638810e+00
1.639549436795995163e+01 -2.756716586130975255e+00
1.652065081351689813e+01 -2.774137822684100918e+00
1.664580725907384462e+01 -2.751335718776435790e+00
1.677096370463078756e+01 -2.741819741900707541e+00
1.689612015018773405e+01 -2.747420695889957631e+00
1.702127659574468055e+01 -2.729141219266463914e+00
1.714643304130162704e+01 -2.728170505729578643e+00
1.727158948685857354e+01 -2.717086437335169968e+00
1.739674593241552003e+01 -2.706074302786857899e+00
1.752190237797246652e+01 -2.708062031188906094e+00
1.764705882352941302e+01 -2.712324385058307197e+00
1.777221526908635951e+01 -2.733830157172429942e+00
1.789737171464330601e+01 -2.766549754196117927e+00
1.802252816020025250e+01 -2.794473345621037108e+00
1.814768460575719899e+01 -2.850171864900058250e+00
1.827284105131414194e+01 -2.880616779432618735e+00
1.839799749687108843e+01 -2.906889401861761257e+00
1.852315394242803492e+01 -2.940536197161402132e+00
1.864831038798498142e+01 -3.000297843321984903e+00
1.877346683354192791e+01 -3.027246672743535871e+00
1.889862327909887441e+01 -3.056376442910907709e+00
1.902377972465582090e+01 -3.086465098949335850e+00
1.914893617021276739e+01 -3.128236344920830803e+00
1.927409261576971389e+01 -3.161854051724420245e+00
1.939924906132666038e+01 -3.206076963881332009e+00
1.952440550688360688e+01 -3.223829417122540342e+00
1.964956195244055337e+01 -3.245835407338238277e+00
1.977471839799749631e+01 -3.262491387718824409e+00
1.989987484355444280e+01 -3.269411349983851078e+00
2.002503128911138930e+01 -3.281541576828343132e+00
2.015018773466833579e+01 -3.287134358172074666e+00
2.027534418022528229e+01 -3.292198935487968381e+00
2.040050062578222878e+01 -3.293254469457936651e+00
2.052565707133917527e+01 -3.298764979097333239e+00
2.065081351689612177e+01 -3.313712514545185783e+00
2.077596996245306826e+01 -3.323996282473967057e+00
2.090112640801001476e+01 -3.330769021641488248e+00
2.102628285356696125e+01 -3.327105954835806401e+00
2.115143929912390419e+01 -3.345306590889149501e+00
2.127659574468085069e+01 -3.360852847177399738e+00
2.140175219023779718e+01 -3.386255338630291600e+00
2.152690863579474367e+01 -3.390844295140313047e+00
2.165206508135169017e+01 -3.387685144150430094e+00
2.177722152690863666e+01 -3.408545613664925700e+00
2.190237797246558316e+01 -3.422705153511191867e+00
2.202753441802252965e+01 -3.440706183025474374e+00
2.215269086357947614e+01 -3.444287328757063005e+00
2.227784730913642264e+01 -3.455582112415408691e+00
2.240300375469336913e+01 -3.452254535288023618e+00
2.252816020025031563e+01 -3.462944112280136988e+00
2.265331664580725857e+01 -3.461443101850852244e+00
2.277847309136420506e+01 -3.478549267665589806e+00
2.290362953692115155e+01 -3.487968348806221197e+00
2.302878598247809805e+01 -3.510182190891133480e+00
2.315394242803504454e+01 -3.503871948402756509e+00
2.327909887359199104e+01 -3.512103318801298890e+00
2.340425531914893753e+01 -3.526050406822653915e+00
2.352941176470588402e+01 -3.549627288192411800e+00
2.365456821026283052e+01 -3.550340258667748827e+00
2.377972465581977701e+01 -3.557613707995008312e+00
2.390488110137672351e+01 -3.568869974656157851e+00
2.403003754693367000e+01 -3.579635656426501278e+00
2.415519399249061294e+01 -3.583722266177971072e+00
2.428035043804755944e+01 -3.591455112535608674e+00
2.440550688360450593e+01 -3.596613426160889748e+00
2.453066332916145242e+01 -3.604010942802442052e+00
2.465581977471839892e+01 -3.626238941520769199e+00
2.478097622027534541e+01 -3.631988539529175331e+00
2.490613266583229191e+01 -3.638436656493158949e+00
2.503128911138923840e+01 -3.653924830063227880e+00
2.515644555694618489e+01 -3.668634454166037173e+00
2.528160200250313139e+01 -3.669362318086460739e+00
2.540675844806007788e+01 -3.678253472080629916e+00
2.553191489361702082e+01 -3.680907528481002888e+00
2.565707133917396732e+01 -3.696065215271871818e+00
2.578222778473091381e+01 -3.707948523018991693e+00
2.590738423028786030e+01 -3.715365850837981654e+00
2.603254067584480680e+01 -3.723684804013366989e+00
2.615769712140175329e+01 -3.725799095844747999e+00
2.628285356695869979e+01 -3.736630403960089719e+00
2.640801001251564628e+01 -3.739994654533392637e+00
2.653316645807259277e+01 -3.749635746747498999e+00
2.665832290362953927e+01 -3.755816588307587356e+00
2.678347934918648576e+01 -3.770471808265281055e+00
2.690863579474343226e+01 -3.773436800224235554e+00
2.703379224030037520e+01 -3.782976529580880598e+00
2.715894868585732169e+01 -3.787300793944807786e+00
2.728410513141426819e+01 -3.782245908337209972e+00
2.740926157697121468e+01 -3.788940549666467206e+00
2.753441802252816117e+01 -3.800767665877394119e+00
2.765957446808510767e+01 -3.811831835545833602e+00
2.778473091364205416e+01 -3.819693808477268249e+00
2.790988735919900066e+01 -3.821857198177960768e+00
2.803504380475594715e+01 -3.837779884674758613e+00
2.816020025031289364e+01 -3.825757562849491311e+00
2.828535669586984014e+01 -3.838988373066426707e+00
2.841051314142678308e+01 -3.839860887924315680e+00
2.853566958698372957e+01 -3.852164391783910347e+00
2.866082603254067607e+01 -3.851734063255830787e+00
2.878598247809762256e+01 -3.858077276358384378e+00
2.891113892365456906e+01 -3.865042028115657224e+00
2.903629536921151555e+01 -3.873084521263399971e+00
2.916145181476846204e+01 -3.874957421559914739e+00
2.928660826032540854e+01 -3.885889692487904945e+00
2.941176470588235503e+01 -3.889197170451837327e+00
2.953692115143930152e+01 -3.899148495009500337e+00
2.966207759699624802e+01 -3.903860840856817838e+00
2.978723404255319451e+01 -3.908425484901583591e+00
2.991239048811013745e+01 -3.907965095712406356e+00
3.003754693366708395e+01 -3.917176263443840512e+00
3.016270337922403044e+01 -3.917854410693208056e+00
3.028785982478097694e+01 -3.928317727881466492e+00
3.041301627033792343e+01 -3.932518133751495615e+00
3.053817271589486992e+01 -3.945917153138814193e+00
3.066332916145181642e+01 -3.942418525853116140e+00
3.078848560700876291e+01 -3.952451950810287329e+00
3.091364205256570941e+01 -3.959310708093420672e+00
3.103879849812265590e+01 -3.954751118826357548e+00
3.116395494367960239e+01 -3.964474394283299397e+00
3.128911138923654889e+01 -3.967907878661899090e+00
3.141426783479349183e+01 -3.973190228034515492e+00
3.153942428035043832e+01 -3.976653399725845972e+00
3.166458072590738482e+01 -3.980052657070435984e+00
3.178973717146433131e+01 -3.982619430435530017e+00
3.191489361702127781e+01 -3.983865845656610727e+00
3.204005006257822430e+01 -4.000153628990912758e+00
3.216520650813517079e+01 -4.001682962181822845e+00
3.229036295369211729e+01 -4.000421444406131677e+00
3.241551939924906378e+01 -4.006100823160351432e+00
3.254067584480601028e+01 -4.018838931770827294e+00
3.266583229036295677e+01 -4.011250494970393987e+00
3.279098873591990326e+01 -4.022709264243691685e+00
3.291614518147684976e+01 -4.021017964839998626e+00
3.304130162703379625e+01 -4.024132915260561383e+00
3.316645807259074274e+01 -4.030620224900697046e+00
3.329161451814768924e+01 -4.029258454373075615e+00
3.341677096370463573e+01 -4.036820540147298075e+00
3.354192740926157512e+01 -4.042541704230790067e+00
3.366708385481852162e+01 -4.045302876651025947e+00
3.379224030037546811e+01 -4.054870047820887002e+00
3.391739674593241460e+01 -4.055337196233567809e+00
3.404255319148936110e+01 -4.059406366711589165e+00
3.416770963704630759e+01 -4.056918024016117563e+00
3.429286608260325409e+01 -4.061778742949316623e+00
3.441802252816020058e+01 -4.067724079748755273e+00
3.454317897371714707e+01 -4.071271113569135736e+00
3.466833541927409357e+01 -4.072278102393916299e+00
3.479349186483104006e+01 -4.074904340075592657e+00
3.491864831038798656e+01 -4.078215965249799346e+00
3.504380475594493305e+01 -4.082309982911004553e+00
3.516896120150187954e+01 -4.086865978111590358e+00
3.529411764705882604e+01 -4.088713509336658447e+00
3.541927409261577253e+01 -4.091973100906136196e+00
3.554443053817271903e+01 -4.095103338441405505e+00
3.566958698372966552e+01 -4.097934035757937465e+00
3.579474342928661201e+01 -4.100449733865127122e+00
3.591989987484355851e+01 -4.103620085573840726e+00
3.604505632040050500e+01 -4.106250459414338749e+00
3.617021276595745150e+01 -4.108444497457375277e+00
3.629536921151439799e+01 -4.107384790001991526e+00
3.642052565707133738e+01 -4.114660931293022017e+00
3.654568210262828387e+01 -4.118208037827763235e+00
3.667083854818523037e+01 -4.116464321010449900e+00
3.679599499374217686e+01 -4.123873215251815161e+00
3.692115143929912335e+01 -4.123457998896288501e+00
3.704630788485606985e+01 -4.129680419698418703e+00
3.717146433041301634e+01 -4.127067784853290178e+00
3.729662077596996284e+01 -4.131155978038915322e+00
3.742177722152690933e+01 -4.136308157788059603e+00
3.754693366708385582e+01 -4.139614858916581319e+00
3.767209011264080232e+01 -4.140416658493856872e+00
3.779724655819774881e+01 -4.140652895434731917e+00
3.792240300375469531e+01 -4.142815831871917709e+00
3.804755944931164180e+01 -4.145400238988181663e+00
3.817271589486858829e+01 -4.149580343082539535e+00
3.829787234042553479e+01 -4.153980778801582119e+00
3.842302878598248128e+01 -4.159135039459162186e+00
3.854818523153942778e+01 -4.159608410964795056e+00
3.867334167709637427e+01 -4.164026623291832152e+00
3.879849812265332076e+01 -4.164917960237969119e+00
3.892365456821026726e+01 -4.168460169443864771e+00
3.904881101376721375e+01 -4.171198613176011705e+00
3.917396745932416025e+01 -4.170743483066109647e+00
3.929912390488110674e+01 -4.173459154900146295e+00
3.942428035043804613e+01 -4.174339810498050696e+00
3.954943679599499262e+01 -4.180887161090726778e+00
3.967459324155193912e+01 -4.177868405089521175e+00
3.979974968710888561e+01 -4.180189919196219073e+00
3.992490613266583210e+01 -4.186693769104439689e+00
4.005006257822277860e+01 -4.187462131788148412e+00
4.017521902377972509e+01 -4.190760903156111716e+00
4.030037546933667159e+01 -4.197283389260134889e+00
4.042553191489361808e+01 -4.196329062850225888e+00
4.055068836045056457e+01 -4.199729305028194304e+00
4.067584480600751107e+01 -4.202051246385364536e+00
4.080100125156445756e+01 -4.203718992007422273e+00
4.092615769712140406e+01 -4.205460739773998036e+00
4.105131414267835055e+01 -4.207271534162725146e+00
4.117647058823529704e+01 -4.210986164829086498e+00
4.130162703379224354e+01 -4.211346132692844968e+00
4.142678347934919003e+01 -4.216787033181469191e+00
4.155193992490613653e+01 -4.218760566121955158e+00
4.167709637046308302e+01 -4.223547639343322224e+00
4.180225281602002951e+01 -4.223911555351547165e+00
4.192740926157697601e+01 -4.223205393507978300e+00
4.205256570713392250e+01 -4.227719422553972706e+00
4.217772215269086900e+01 -4.228695698143637216e+00
4.230287859824780838e+01 -4.234943843276845143e+00
4.242803504380475488e+01 -4.236565686910891415e+00
4.255319148936170137e+01 -4.237654489728552853e+00
4.267834793491864787e+01 -4.238723009102344008e+00
4.280350438047559436e+01 -4.241872111991639827e+00
4.292866082603254085e+01 -4.246701295404006871e+00
4.305381727158948735e+01 -4.247440801592120785e+00
4.317897371714643384e+01 -4.248403191249069621e+00
4.330413016270338034e+01 -4.252500903140544963e+00
4.342928660826032683e+01 -4.255158995041087522e+00
4.355444305381727332e+01 -4.257937767187029543e+00
4.367959949937421982e+01 -4.257750010673296615e+00
4.380475594493116631e+01 -4.261717482871135054e+00
4.392991239048811281e+01 -4.262642554882297041e+00
4.405506883604505930e+01 -4.265057184982381067e+00
4.418022528160200579e+01 -4.270166653569877013e+00
4.430538172715895229e+01 -4.267807899140551697e+00
4.443053817271589878e+01 -4.271895257139349589e+00
4.455569461827284528e+01 -4.270934654021774080e+00
4.468085106382979177e+01 -4.276283867592365340e+00
4.480600750938673826e+01 -4.275344654922612619e+00
4.493116395494368476e+01 -4.277996270270207901e+00
4.505632040050063125e+01 -4.282902732411804969e+00
4.518147684605757064e+01 -4.281150985286519273e+00
4.530663329161451713e+01 -4.287488312506707366e+00
4.543178973717146363e+01 -4.287370345133392213e+00
4.555694618272841012e+01 -4.287524953113179826e+00
4.568210262828535662e+01 -4.289961876288748144e+00
4.580725907384230311e+01 -4.292875435857832933e+00
4.593241551939924960e+01 -4.293598593871008617e+00
4.605757196495619610e+01 -4.293489248710277373e+00
4.618272841051314259e+01 -4.296543010882981406e+00
4.630788485607008909e+01 -4.299265502375223313e+00
4.643304130162703558e+01 -4.300944034256374060e+00
4.655819774718398207e+01 -4.303591403991407383e+00
4.668335419274092857e+01 -4.300764804255953422e+00
4.680851063829787506e+01 -4.303321272548812360e+00
4.693366708385482156e+01 -4.306326216960758124e+00
4.705882352941176805e+01 -4.305834249252731283e+00
4.718397997496871454e+01 -4.304872046329904833e+00
4.730913642052566104e+01 -4.308054974271051663e+00
4.743429286608260753e+01 -4.308656115282094134e+00
4.755944931163955403e+01 -4.308028827145110817e+00
4.768460575719650052e+01 -4.311263404187720027e+00
4.780976220275344701e+01 -4.314004293578008742e+00
4.793491864831039351e+01 -4.318096369866708528e+00
4.806007509386734000e+01 -4.318200339184991243e+00
4.818523153942427939e+01 -4.318053980869512642e+00
4.831038798498122588e+01 -4.320589803215485247e+00
4.843554443053817238e+01 -4.318794460430791737e+00
4.856070087609511887e+01 -4.325137450563847352e+00
4.868585732165206537e+01 -4.323107666444471420e+00
4.881101376720901186e+01 -4.330375790176618445e+00
4.893617021276595835e+01 -4.329440705127948874e+00
4.906132665832290485e+01 -4.328228220352264621e+00
4.918648310387985134e+01 -4.334196867469039205e+00
4.931163954943679784e+01 -4.333090552821809993e+00
4.943679599499374433e+01 -4.333608358538203476e+00
4.956195244055069082e+01 -4.340309535730069612e+00
4.968710888610763732e+01 -4.336633024133158543e+00
4.981226533166458381e+01 -4.341851091567355603e+00
4.993742177722153031e+01 -4.337646877656402999e+00
5.006257822277847680e+01 -4.341994841643363578e+00
5.018773466833542329e+01 -4.340364058631847044e+00
5.031289111389236979e+01 -4.339156168873272712e+00
5.043804755944931628e+01 -4.344928908596262573e+00
5.056320400500626278e+01 -4.347369628404921471e+00
5.068836045056320927e+01 -4.346481163261276315e+00
5.081351689612015576e+01 -4.347045699009203901e+00
5.093867334167710226e+01 -4.348400389179849057e+00
5.106382978723404165e+01 -4.351294345030995103e+00
5.118898623279098814e+01 -4.354611516352013822e+00
5.131414267834793463e+01 -4.355172062676489375e+00
5.143929912390488113e+01 -4.354980626531122390e+00
5.156445556946182762e+01 -4.355489412106538616e+00
5.168961201501877412e+01 -4.359691045268788478e+00
5.181476846057572061e+01 -4.361084422664499805e+00
5.193992490613266710e+01 -4.358324859176300414e+00
5.206508135168961360e+01 -4.356349033448714714e+00
5.219023779724656009e+01 -4.360727255631263510e+00
5.231539424280350659e+01 -4.362491800335028813e+00
5.244055068836045308e+01 -4.362901086687172914e+00
5.256570713391739957e+01 -4.361649994715218526e+00
5.269086357947434607e+01 -4.360092991140022356e+00
5.281602002503129256e+01 -4.362371871699771475e+00
5.294117647058823906e+01 -4.365641628364907767e+00
5.306633291614518555e+01 -4.369883778055557499e+00
5.319148936170213204e+01 -4.369449690713642198e+00
5.331664580725907854e+01 -4.363016148726987176e+00
5.344180225281602503e+01 -4.357249482808050800e+00
5.356695869837297153e+01 -4.364608978693750529e+00
5.369211514392991802e+01 -4.363243122429059540e+00
5.381727158948686451e+01 -4.362261470214435555e+00
5.394242803504380390e+01 -4.358569909133350073e+00
5.406758448060075040e+01 -4.362977041232706021e+00
5.419274092615769689e+01 -4.357106001587014887e+00
5.431789737171464338e+01 -4.358125276632470957e+00
5.444305381727158988e+01 -4.355100572402321291e+00
5.456821026282853637e+01 -4.348050930231067035e+00
5.469336670838548287e+01 -4.343469430883581950e+00
5.481852315394242936e+01 -4.338590998420172262e+00
5.494367959949937585e+01 -4.335340411983759523e+00
5.506883604505632235e+01 -4.334111373513845678e+00
5.519399249061326884e+01 -4.331290111764650064e+00
5.531914893617021534e+01 -4.332865549049269127e+00
5.544430538172716183e+01 -4.328922896186399250e+00
5.556946182728410832e+01 -4.322502283967440739e+00
5.569461827284105482e+01 -4.322845677076055715e+00
5.581977471839800131e+01 -4.315188862159828886e+00
5.594493116395494781e+01 -4.312919463769746109e+00
5.607008760951189430e+01 -4.308414311884952497e+00
5.619524405506884079e+01 -4.303063604199580006e+00
5.632040050062578729e+01 -4.300787632522706794e+00
5.644555694618273378e+01 -4.298022483275783401e+00
5.657071339173968028e+01 -4.294914439146037211e+00
5.669586983729662677e+01 -4.292492033730956003e+00
5.682102628285356616e+01 -4.289970531710510571e+00
5.694618272841051265e+01 -4.287056862430290494e+00
5.707133917396745915e+01 -4.284187558861980882e+00
5.719649561952440564e+01 -4.282284015181824444e+00
5.732165206508135213e+01 -4.279825780993079754e+00
5.744680851063829863e+01 -4.276811432031872862e+00
5.757196495619524512e+01 -4.274333787133168805e+00
5.769712140175219162e+01 -4.271797424394230269e+00
5.782227784730913811e+01 -4.267807327288807961e+00
5.794743429286608460e+01 -4.265660208187469493e+00
5.807259073842303110e+01 -4.264907099024528137e+00
5.819774718397997759e+01 -4.259965782201439843e+00
5.832290362953692409e+01 -4.257624577087653961e+00
5.844806007509387058e+01 -4.256975920701169258e+00
5.857321652065081707e+01 -4.255830574819206014e+00
5.869837296620776357e+01 -4.248615717360392452e+00
5.882352941176471006e+01 -4.245008007237059289e+00
5.894868585732165656e+01 -4.242049428874315353e+00
5.907384230287860305e+01 -4.240205864301201721e+00
5.919899874843554954e+01 -4.236639689763856964e+00
5.932415519399249604e+01 -4.235351723918464373e+00
5.944931163954944253e+01 -4.231881002315223128e+00
5.957446808510638903e+01 -4.228175065949081102e+00
5.969962453066333552e+01 -4.225815998551443187e+00
5.982478097622027491e+01 -4.222471855995649115e+00
5.994993742177722140e+01 -4.220009688036698847e+00
6.007509386733416790e+01 -4.217351066730190112e+00
6.020025031289111439e+01 -4.214722039961068312e+00
6.032540675844806088e+01 -4.212270941546881531e+00
6.045056320400500738e+01 -4.209661459863101918e+00
6.057571964956195387e+01 -4.209013224895346461e+00
6.070087609511890037e+01 -4.204173038667347484e+00
6.082603254067584686e+01 -4.201063499807951018e+00
6.095118898623279335e+01 -4.199094342886838582e+00
6.107634543178973985e+01 -4.196479578506502328e+00
6.120150187734668634e+01 -4.193793021899982598e+00
6.132665832290363284e+01 -4.191323961586757463e+00
6.145181476846057933e+01 -4.189157343395244482e+00
6.157697121401752582e+01 -4.188323840330948400e+00
6.170212765957447232e+01 -4.183725135144574558e+00
6.182728410513141881e+01 -4.182267648084633471e+00
6.195244055068836531e+01 -4.178922156848119407e+00
6.207759699624531180e+01 -4.176131685005458394e+00
6.220275344180225829e+01 -4.173749891929305456e+00
6.232790988735920479e+01 -4.171318678867460328e+00
6.245306633291615128e+01 -4.169037557854909259e+00
6.257822277847309778e+01 -4.170586900764120308e+00
6.270337922403003716e+01 -4.164734475722045914e+00
6.282853566958698366e+01 -4.163050866934493222e+00
6.295369211514393015e+01 -4.160446721482335519e+00
6.307884856070087665e+01 -4.157158368408698124e+00
6.320400500625782314e+01 -4.156016451768633324e+00
6.332916145181476963e+01 -4.151895215171442111e+00
6.345431789737171613e+01 -4.149586306085982557e+00
6.357947434292866262e+01 -4.147792961771752829e+00
6.370463078848560912e+01 -4.145467997523627268e+00
6.382978723404255561e+01 -4.142814598360524236e+00
6.395494367959950210e+01 -4.141301612409761468e+00
6.408010012515644860e+01 -4.137596851663080777e+00
6.420525657071338799e+01 -4.135034002133793685e+00
6.433041301627034159e+01 -4.132735707704887851e+00
6.445556946182728097e+01 -4.131449832739646943e+00
6.458072590738423457e+01 -4.127920845320176113e+00
6.470588235294117396e+01 -4.127436952726967867e+00
6.483103879849812756e+01 -4.123880053660990974e+00
6.495619524405506695e+01 -4.121269851724174593e+00
6.508135168961202055e+01 -4.120299081297186916e+00
6.520650813516895994e+01 -4.116076657561064778e+00
6.533166458072591354e+01 -4.114492646689051014e+00
6.545682102628285293e+01 -4.111448924151410722e+00
6.558197747183980653e+01 -4.109074459991579609e+00
6.570713391739674591e+01 -4.106790014897816476e+00
6.583229036295369951e+01 -4.104390587380494004e+00
6.595744680851063890e+01 -4.102183757563633293e+00
6.608260325406759250e+01 -4.100122935433083704e+00
6.620775969962453189e+01 -4.099400049893616504e+00
6.633291614518148549e+01 -4.099257778934169316e+00
6.645807259073842488e+01 -4.093807113935160835e+00
6.658322903629537848e+01 -4.092603511093781954e+00
6.670838548185231787e+01 -4.088998932198999015e+00
6.683354192740927147e+01 -4.088544716427915837e+00
6.695869837296621085e+01 -4.085851831083304297e+00
6.708385481852315024e+01 -4.082868446645785632e+00
6.720901126408010384e+01 -4.079655689634669180e+00
6.733416770963704323e+01 -4.077625356218780084e+00
6.745932415519399683e+01 -4.075746313270369292e+00
6.758448060075093622e+01 -4.072443688636968595e+00
6.770963704630788982e+01 -4.071892438586389495e+00
6.783479349186482921e+01 -4.069449655726558923e+00
6.795994993742178281e+01 -4.067118369447775272e+00
6.808510638297872219e+01 -4.063956964438500741e+00
6.821026282853567579e+01 -4.061687477280002234e+00
6.833541927409261518e+01 -4.059601318318191154e+00
6.846057571964956878e+01 -4.057762716032460304e+00
6.858573216520650817e+01 -4.055342837128656619e+00
6.871088861076346177e+01 -4.054814916845564277e+00
6.883604505632040116e+01 -4.053512084938100557e+00
6.896120150187735476e+01 -4.049380633158585319e+00
6.908635794743429415e+01 -4.046989300563492264e+00
6.921151439299124775e+01 -4.044778504725483614e+00
6.933667083854818713e+01 -4.041635752673463422e+00
6.946182728410514073e+01 -4.040247567387913463e+00
6.958698372966208012e+01 -4.036954448351758096e+00
6.971214017521903372e+01 -4.037210801863313492e+00
6.983729662077597311e+01 -4.032841282793456550e+00
6.996245306633291250e+01 -4.031704438041626481e+00
7.008760951188986610e+01 -4.029946363266502907e+00
7.021276595744680549e+01 -4.026607884244440605e+00
7.033792240300375909e+01 -4.024108454319399897e+00
7.046307884856069848e+01 -4.024658801701776589e+00
7.058823529411765207e+01 -4.020128305065896690e+00
7.071339173967459146e+01 -4.017862901405059084e+00
7.083854818523154506e+01 -4.015534349234146205e+00
7.096370463078848445e+01 -4.013763770593533842e+00
7.108886107634543805e+01 -4.011590847283620143e+00
7.121401752190237744e+01 -4.009152962228909267e+00
7.133917396745933104e+01 -4.007415120286070831e+00
7.146433041301627043e+01 -4.008488261786593121e+00
7.158948685857322403e+01 -4.002913822424562618e+00
7.171464330413016341e+01 -4.001832820072019459e+00
7.183979974968711701e+01 -3.999098218456894394e+00
7.196495619524405640e+01 -3.996830414172095391e+00
7.209011264080101000e+01 -3.996299588643019707e+00
7.221526908635794939e+01 -3.994053446812973807e+00
7.234042553191490299e+01 -3.992026139514792238e+00
7.246558197747184238e+01 -3.988584507616428354e+00
7.259073842302879598e+01 -3.986548002965729420e+00
7.271589486858573537e+01 -3.986776704157193763e+00
7.284105131414267476e+01 -3.983239479477971745e+00
7.296620775969962835e+01 -3.981921615661879965e+00
7.309136420525656774e+01 -3.978391571758602474e+00
7.321652065081352134e+01 -3.976896536602172461e+00
7.334167709637046073e+01 -3.975307454184353606e+00
7.346683354192741433e+01 -3.974524992928770040e+00
7.359198998748435372e+01 -3.970802810054987475e+00
7.371714643304130732e+01 -3.969909245578951307e+00
7.384230287859824671e+01 -3.966906281020398328e+00
7.396745932415520031e+01 -3.964723448528194361e+00
7.409261576971213970e+01 -3.963901133239741803e+00
7.421777221526909329e+01 -3.961231566197857212e+00
7.434292866082603268e+01 -3.959491973769593720e+00
7.446808510638298628e+01 -3.956999265603712512e+00
7.459324155193992567e+01 -3.955693786662536127e+00
7.471839799749687927e+01 -3.953818021753336076e+00
7.484355444305381866e+01 -3.951851073866373465e+00
7.496871088861077226e+01 -3.949467644704616198e+00
7.509386733416771165e+01 -3.947637279106452457e+00
7.521902377972466525e+01 -3.945883623986449429e+00
7.534418022528160463e+01 -3.944104635541656911e+00
7.546933667083855823e+01 -3.941793319090749925e+00
7.559449311639549762e+01 -3.941180100395423658e+00
7.571964956195245122e+01 -3.940293216284072031e+00
7.584480600750939061e+01 -3.936621497863835195e+00
7.596996245306633000e+01 -3.934569661581430289e+00
7.609511889862328360e+01 -3.932888883116884227e+00
7.622027534418022299e+01 -3.931087534934371686e+00
7.634543178973717659e+01 -3.930379414007815431e+00
7.647058823529411598e+01 -3.927067415750457258e+00
7.659574468085106957e+01 -3.925428761086555696e+00
7.672090112640800896e+01 -3.924725349825309184e+00
7.684605757196496256e+01 -3.921731743360437061e+00
7.697121401752190195e+01 -3.919592751799239050e+00
7.709637046307885555e+01 -3.918042830124884190e+00
7.722152690863579494e+01 -3.916336192323247811e+00
7.734668335419274854e+01 -3.915067496664805358e+00
7.747183979974968793e+01 -3.913150007377409256e+00
7.759699624530664153e+01 -3.911254954011996521e+00
7.772215269086358091e+01 -3.908890850055183108e+00
7.784730913642053451e+01 -3.910266923449729148e+00
7.797246558197747390e+01 -3.906889218457959334e+00
7.809762202753442750e+01 -3.904158571266391764e+00
7.822277847309136689e+01 -3.901922564918817837e+00
7.834793491864832049e+01 -3.900432880543867054e+00
7.847309136420525988e+01 -3.898870067005866691e+00
7.859824780976221348e+01 -3.896453459648221873e+00
7.872340425531915287e+01 -3.894967584908684888e+00
7.884856070087609226e+01 -3.893370142777909493e+00
7.897371714643304585e+01 -3.891370628672669252e+00
7.909887359198998524e+01 -3.890975531847104207e+00
7.922403003754693884e+01 -3.888219777303810964e+00
7.934918648310387823e+01 -3.887144829001941471e+00
7.947434292866083183e+01 -3.884430369388800042e+00
7.959949937421777122e+01 -3.883100999475093573e+00
7.972465581977472482e+01 -3.881025491541838512e+00
7.984981226533166421e+01 -3.880072228395775369e+00
7.997496871088861781e+01 -3.877780723602864743e+00
8.010012515644555720e+01 -3.876401053391925089e+00
8.022528160200251079e+01 -3.876541238991697114e+00
8.035043804755945018e+01 -3.872758523314580259e+00
8.047559449311640378e+01 -3.871481268309640900e+00
8.060075093867334317e+01 -3.869844920621771323e+00
8.072590738423029677e+01 -3.869601881683445210e+00
8.085106382978723616e+01 -3.865979102780360499e+00
8.097622027534418976e+01 -3.865186981386575127e+00
8.110137672090112915e+01 -3.862685856132288542e+00
8.122653316645808275e+01 -3.861113239310526080e+00
8.135168961201502213e+01 -3.859475928252150911e+00
8.147684605757197573e+01 -3.858673429310429892e+00
8.160200250312891512e+01 -3.857997714301672154e+00
8.172715894868585451e+01 -3.854713932213017724e+00
8.185231539424280811e+01 -3.853103700914237262e+00
8.197747183979974750e+01 -3.851866450670383024e+00
8.210262828535670110e+01 -3.849697314174610252e+00
8.222778473091364049e+01 -3.849568901124670539e+00
8.235294117647059409e+01 -3.849035303103793826e+00
8.247809762202753348e+01 -3.844612194250037529e+00
8.260325406758448707e+01 -3.843953813496404859e+00
8.272841051314142646e+01 -3.841627998408338129e+00
8.285356695869838006e+01 -3.842611661982016535e+00
8.297872340425531945e+01 -3.839816814367376097e+00
8.310387984981227305e+01 -3.838477506932982841e+00
8.322903629536921244e+01 -3.835040177370852454e+00
8.335419274092616604e+01 -3.833558341083543208e+00
8.347934918648310543e+01 -3.832289785766967327e+00
8.360450563204005903e+01 -3.831901042442200200e+00
8.372966207759699842e+01 -3.828771924303802976e+00
8.385481852315395201e+01 -3.827666449906506063e+00
8.397997496871089140e+01 -3.825934073843023864e+00
8.410513141426784500e+01 -3.824295003573690455e+00
8.423028785982478439e+01 -3.823653371132703871e+00
8.435544430538173799e+01 -3.821666254355228887e+00
8.448060075093867738e+01 -3.819782658224814220e+00
8.460575719649561677e+01 -3.818165913906776066e+00
8.473091364205257037e+01 -3.816850635125366598e+00
8.485607008760950976e+01 -3.814920810487393954e+00
8.498122653316646335e+01 -3.813569760917959073e+00
8.510638297872340274e+01 -3.811920854189048580e+00
8.523153942428035634e+01 -3.810493527051183271e+00
8.535669586983729573e+01 -3.810867549408245125e+00
8.548185231539424933e+01 -3.807547668604975843e+00
8.560700876095118872e+01 -3.806147738654042989e+00
8.573216520650814232e+01 -3.804679379236441950e+00
8.585732165206508171e+01 -3.803145399632319901e+00
8.598247809762203531e+01 -3.802020311727778434e+00
8.610763454317897470e+01 -3.800345576092314381e+00
8.623279098873592829e+01 -3.800324982902924198e+00
8.635794743429286768e+01 -3.797585064485917705e+00
8.648310387984982128e+01 -3.795886333007716384e+00
8.660826032540676067e+01 -3.794876176239813326e+00
8.673341677096371427e+01 -3.793141172760993829e+00
8.685857321652065366e+01 -3.791216586746542383e+00
8.698372966207760726e+01 -3.789753843761306307e+00
8.710888610763454665e+01 -3.789209563672504277e+00
8.723404255319150025e+01 -3.787634297331409439e+00
8.735919899874843964e+01 -3.786202908572477543e+00
8.748435544430537902e+01 -3.784686164741925207e+00
8.760951188986233262e+01 -3.783299022773472409e+00
8.773466833541927201e+01 -3.781243839441607246e+00
8.785982478097622561e+01 -3.780062062333407358e+00
8.798498122653316500e+01 -3.778216884864835645e+00
8.811013767209011860e+01 -3.777065434306920988e+00
8.823529411764705799e+01 -3.776129686455056866e+00
8.836045056320401159e+01 -3.774439859016110344e+00
8.848560700876095098e+01 -3.773992269001243294e+00
8.861076345431790457e+01 -3.771258856954164962e+00
8.873591989987484396e+01 -3.770601091167490981e+00
8.886107634543179756e+01 -3.768501419143750031e+00
8.898623279098873695e+01 -3.767320938748514259e+00
8.911138923654569055e+01 -3.766194067570615367e+00
8.923654568210262994e+01 -3.765723141028490595e+00
8.936170212765958354e+01 -3.763352167992665365e+00
8.948685857321652293e+01 -3.761732818944656831e+00
8.961201501877347653e+01 -3.760970468442088599e+00
8.973717146433041592e+01 -3.759083428141860583e+00
8.986232790988736951e+01 -3.758862884642964364e+00
8.998748435544430890e+01 -3.756125816503860015e+00
9.011264080100126250e+01 -3.756374395707157809e+00
9.023779724655820189e+01 -3.754445712526239376e+00
9.036295369211514128e+01 -3.753066270333329957e+00
9.048811013767209488e+01 -3.750817629174834966e+00
9.061326658322903427e+01 -3.749132151858901363e+00
9.073842302878598787e+01 -3.748763804234064079e+00
9.086357947434292726e+01 -3.746788603348143898e+00
9.098873591989988086e+01 -3.746194712169818697e+00
9.111389236545682024e+01 -3.744200727807682760e+00
9.123904881101377384e+01 -3.744087905298716379e+00
9.136420525657071323e+01 -3.741683883441579095e+00
9.148936170212766683e+01 -3.740010008503746874e+00
9.161451814768460622e+01 -3.740672762262834183e+00
9.173967459324155982e+01 -3.737602621505182299e+00
9.186483103879849921e+01 -3.736117382269363407e+00
9.198998748435545281e+01 -3.736858845781458882e+00
9.211514392991239220e+01 -3.734629118485516486e+00
9.224030037546934579e+01 -3.732723381738197066e+00
9.236545682102628518e+01 -3.730831341902632214e+00
9.249061326658323878e+01 -3.729611704931410809e+00
9.261576971214017817e+01 -3.728281911789258274e+00
9.274092615769713177e+01 -3.728372009345092497e+00
9.286608260325407116e+01 -3.725758651996987414e+00
9.299123904881102476e+01 -3.724409204230237691e+00
9.311639549436796415e+01 -3.723390754330372143e+00
9.324155193992490354e+01 -3.721849580255749412e+00
9.336670838548185714e+01 -3.722033698611182828e+00
9.349186483103879652e+01 -3.719115868213371812e+00
9.361702127659575012e+01 -3.718031463864261976e+00
9.374217772215268951e+01 -3.716814769488412384e+00
9.386733416770964311e+01 -3.716535730761399758e+00
9.399249061326658250e+01 -3.715855720031251419e+00
9.411764705882353610e+01 -3.712932992681504007e+00
9.424280350438047549e+01 -3.711852519338764811e+00
9.436795994993742909e+01 -3.710742211323268425e+00
9.449311639549436848e+01 -3.709951760885582761e+00
9.461827284105132208e+01 -3.708802796380673339e+00
9.474342928660826146e+01 -3.706600722568289541e+00
9.486858573216521506e+01 -3.705825246225586511e+00
9.499374217772215445e+01 -3.703966951291011611e+00
9.511889862327910805e+01 -3.703563604798618236e+00
9.524405506883604744e+01 -3.701849400597218231e+00
9.536921151439300104e+01 -3.700648007914712156e+00
9.549436795994994043e+01 -3.700127838512894840e+00
9.561952440550689403e+01 -3.698192009006720848e+00
9.574468085106383342e+01 -3.696968845951927207e+00
9.586983729662078701e+01 -3.695494028335288839e+00
9.599499374217772640e+01 -3.695307601373711837e+00
9.612015018773468000e+01 -3.693476350208480419e+00
9.624530663329161939e+01 -3.691898737823558818e+00
9.637046307884855878e+01 -3.692462755505638405e+00
9.649561952440551238e+01 -3.689666390793262529e+00
9.662077596996245177e+01 -3.688468856677062924e+00
9.674593241551940537e+01 -3.687350130791313685e+00
9.687108886107634476e+01 -3.686667044708505259e+00
9.699624530663329836e+01 -3.685497240588430756e+00
9.712140175219023774e+01 -3.684557518923969877e+00
9.724655819774719134e+01 -3.682713087685565156e+00
9.737171464330413073e+01 -3.681875775361477920e+00
9.749687108886108433e+01 -3.679802795878897914e+00
9.762202753441802372e+01 -3.679244229830700874e+00
9.774718397997497732e+01 -3.677480261402546802e+00
9.787234042553191671e+01 -3.676818822159823696e+00
9.799749687108887031e+01 -3.675354605413040598e+00
9.812265331664580970e+01 -3.674407746053377721e+00
9.824780976220276330e+01 -3.672935182310209878e+00
9.837296620775970268e+01 -3.672070014577604624e+00
9.849812265331665628e+01 -3.670463866019348931e+00
9.862327909887359567e+01 -3.670440921541285206e+00
9.874843554443054927e+01 -3.669220825910843864e+00
9.887359198998748866e+01 -3.667927982831199252e+00
9.899874843554444226e+01 -3.666054997002822002e+00
9.912390488110138165e+01 -3.664947739638642954e+00
9.924906132665832104e+01 -3.664390184804966033e+00
9.937421777221527464e+01 -3.662590231861866830e+00
9.949937421777221402e+01 -3.661832991513798152e+00
9.962453066332916762e+01 -3.660630406620884791e+00
9.974968710888610701e+01 -3.660841345258022184e+00
9.987484355444306061e+01 -3.659984410628466023e+00
1.000000000000000000e+02 -3.657471689493620559e+00
